1,1,1,56384,7102,0,0,3192,1670,570
2,1,1,56383,7102,0,1,9676,1670,570
3,1,1,56382,7102,0,2,14253,1670,570
4,1,1,56381,7102,0,3,16757,1670,570
5,1,1,56380,7102,0,4,19045,1670,570
6,1,1,56379,7102,0,5,20453,1670,570
7,1,1,56377,7102,0,6,21365,1670,570
8,1,1,56376,7101,0,7,21841,1670,570
9,1,1,56374,7099,0,8,22098,1670,570
10,1,1,56372,7097,0,9,22098,1670,570
11,1,1,56371,7096,0,10,22062,1670,570
12,1,1,56369,7096,0,11,21914,1670,570
13,1,1,56367,7096,0,16,21745,1670,570
14,1,1,56366,7096,0,21,21585,1670,570
15,1,1,56366,7096,0,26,21473,1670,570
16,1,1,56366,7096,0,31,21473,1670,570
17,1,1,56366,7096,0,36,21653,1670,570
18,1,1,56366,7096,0,41,21982,1670,570
19,1,1,56366,7096,0,46,22394,1670,570
20,1,1,56366,7096,0,51,23074,1670,570
21,1,1,56366,7096,0,56,23690,1670,570
22,1,1,56366,7096,0,61,24378,1670,570
23,1,1,56366,7096,0,65,24962,1670,570
24,1,1,56367,7096,0,70,25526,1670,570
25,1,1,56367,7096,0,75,26094,1670,570
26,1,1,56368,7096,0,80,26502,1670,570
27,1,1,56368,7096,0,85,26850,1670,570
28,1,1,56368,7095,0,90,27006,1670,570
29,1,1,56369,7094,0,95,27102,1670,570
30,1,1,56369,7094,0,100,27110,1670,570
31,1,1,56369,7094,0,105,27122,1670,570
32,1,1,56369,7094,0,110,27126,1670,570
33,1,1,56369,7094,0,115,27126,1670,570
34,1,1,56369,7094,0,120,27126,1670,570
35,1,1,56369,7094,0,125,27118,1670,570
36,1,1,56369,7094,0,130,27070,1670,570
37,1,1,56370,7094,0,135,27062,1670,570
38,1,1,56370,7094,0,140,27058,1670,570
39,1,1,56371,7094,0,145,27054,1670,570
40,1,1,56371,7094,0,150,27054,1670,580
41,1,1,56372,7094,0,155,27062,1670,580
42,1,1,56373,7094,0,160,27170,1670,580
43,1,1,56375,7094,0,165,27290,1670,580
44,1,1,56376,7094,0,170,27410,1670,580
45,1,1,56377,7094,0,175,27518,1670,580
46,1,1,56378,7094,0,180,27614,1670,580
47,1,1,56379,7094,0,185,27734,1670,580
48,1,1,56380,7094,0,190,27978,1670,580
49,1,1,56381,7094,0,195,28338,1670,580
50,1,1,56382,7094,0,200,28506,1670,580
51,1,1,56383,7094,0,205,28602,1670,580
52,1,1,56383,7094,0,210,28662,1670,580
53,1,1,56383,7094,0,215,28674,1670,580
54,1,1,56383,7094,0,220,28686,1670,580
55,1,1,56384,7094,0,225,28698,1670,580
56,1,1,56384,7094,0,230,28706,1670,580
57,1,1,56385,7094,0,234,28706,1670,580
58,1,1,56385,7094,0,239,28710,1670,580
59,1,1,56386,7094,0,244,28718,1670,580
60,1,1,56386,7094,0,249,28726,1670,580
61,1,1,56387,7094,0,254,28730,1670,580
62,1,1,56387,7094,0,259,28738,1670,580
63,1,1,56388,7094,0,264,28786,1670,580
64,1,1,56388,7094,0,269,28858,1670,580
65,1,1,56389,7094,0,274,28930,1670,580
66,1,1,56389,7094,0,279,29014,1670,580
67,1,1,56389,7095,0,284,29074,1670,580
68,1,1,56390,7096,0,289,29134,1670,580
69,1,1,56390,7098,0,294,29218,1670,580
70,1,1,56391,7099,0,299,29326,1670,580
71,1,1,56392,7100,0,304,29482,1670,580
72,1,1,56393,7100,0,309,29578,1670,580
73,1,1,56395,7100,0,314,29626,1670,580
74,1,1,56396,7100,0,319,29638,1670,580
75,1,1,56397,7100,0,324,29698,1670,580
76,1,1,56398,7100,0,329,29702,1670,580
77,1,1,56399,7101,0,334,29706,1670,580
78,1,1,56400,7102,0,339,29710,1670,580
79,1,1,56401,7103,0,344,29718,1670,580
80,1,1,56401,7104,0,349,29730,1670,570
81,1,1,56402,7105,0,354,29742,1670,570
82,1,1,56403,7107,0,359,29790,1670,580
83,1,1,56404,7109,0,364,29802,1670,580
84,1,1,56405,7110,0,369,29810,1680,580
85,1,1,56406,7112,0,374,29810,1680,580
86,1,1,56407,7113,0,379,29810,1680,580
87,1,1,56408,7113,0,384,29818,1680,580
88,1,1,56409,7114,0,389,29866,1680,580
89,1,1,56410,7115,0,394,29866,1680,580
90,1,1,56410,7116,0,399,29866,1680,580
91,1,1,56410,7117,0,404,29854,1680,580
92,1,1,56411,7119,0,408,29846,1680,580
93,1,1,56411,7121,0,413,29842,1680,580
94,1,1,56412,7122,0,418,29838,1680,580
95,1,1,56413,7122,0,423,29838,1680,580
96,1,1,56414,7122,0,428,29838,1680,580
97,1,1,56415,7122,0,433,29834,1680,580
98,1,1,56415,7122,0,438,29834,1680,580
99,1,1,56416,7122,0,443,29838,1680,580
100,1,1,56416,7123,0,448,29842,1680,580
101,1,1,56417,7125,0,453,29842,1680,580
102,1,1,56418,7126,0,458,29850,1680,580
103,1,1,56420,7128,0,463,29858,1680,580
104,1,1,56422,7132,0,468,29866,1680,580
105,1,1,56426,7138,0,473,29866,1680,580
106,1,1,56431,7146,0,478,29862,1680,580
107,1,1,56436,7157,0,483,29718,1680,580
108,1,1,56443,7168,0,488,29562,1680,580
109,1,1,56449,7179,0,493,29454,1700,590
110,1,1,56455,7188,0,498,29454,1700,580
111,1,1,56460,7197,0,503,29450,1700,580
112,1,1,56464,7204,0,508,29438,1700,580
113,1,1,56468,7211,0,513,29426,1700,580
114,1,1,56473,7221,0,518,29330,1700,580
115,1,1,56479,7231,0,523,29246,1700,580
116,1,1,56485,7244,0,528,29186,1700,580
117,1,1,56492,7256,0,533,29138,1700,580
118,1,1,56499,7266,0,538,29138,1700,580
119,1,1,56505,7276,0,543,29138,1700,580
120,1,1,56511,7285,0,548,29138,1700,580
121,1,1,56517,7293,0,553,29146,1700,580
122,1,1,56523,7301,0,558,29158,1700,580
123,1,1,56529,7309,0,563,29166,1700,580
124,1,1,56535,7316,0,568,29166,1700,580
125,1,1,56541,7323,0,573,29098,1700,580
126,1,1,56546,7329,0,577,29090,1700,580
127,1,1,56550,7334,0,582,29082,1700,580
128,1,1,56553,7339,0,587,29078,1700,580
129,1,1,56556,7341,0,592,29074,1710,570
130,1,1,56557,7342,0,597,29070,1710,570
131,1,1,56558,7343,0,602,29066,1710,570
132,1,1,56559,7343,0,607,29054,1710,570
133,1,1,56559,7343,0,612,29006,1710,570
134,1,1,56559,7344,0,617,29002,1710,570
135,1,1,56559,7345,0,622,28942,1710,570
136,1,1,56559,7345,0,627,28934,1710,570
137,1,1,56559,7345,0,632,28850,1710,570
138,1,1,56560,7345,0,637,28778,1710,570
139,1,1,56560,7345,0,642,28682,1710,570
140,1,1,56560,7345,0,647,28574,1710,570
141,1,1,56560,7345,0,652,28454,1710,570
142,1,1,56560,7345,0,657,28334,1710,570
143,1,1,56560,7345,0,662,28226,1710,570
144,1,1,56560,7345,0,667,28142,1710,570
145,1,1,56560,7344,0,672,28138,1710,570
146,1,1,56560,7343,0,677,28134,1710,570
147,1,1,56560,7343,0,682,28122,1710,570
148,1,1,56560,7342,0,687,28074,1710,570
149,1,1,56560,7342,0,692,28066,1710,570
150,1,1,56560,7341,0,697,27982,1710,570
151,1,1,56560,7340,0,702,27934,1710,570
152,1,1,56560,7339,0,707,27838,1710,570
153,1,1,56561,7337,0,712,27726,1710,570
154,1,1,56563,7335,0,717,27630,1710,570
155,1,1,56564,7333,0,722,27582,1710,570
156,1,1,56566,7331,0,727,27534,1710,570
157,1,1,56570,7329,0,732,27462,1710,570
158,1,1,56578,7326,0,737,27390,1720,570
159,1,1,56590,7322,0,742,27390,1720,570
160,1,1,56605,7316,0,747,27594,1720,570
161,1,1,56621,7311,0,751,27850,1720,570
162,1,1,56635,7306,0,756,27854,1720,570
163,1,1,56649,7299,0,761,27854,1720,570
164,1,1,56664,7293,0,766,27842,1720,570
165,1,1,56680,7286,0,771,27842,1740,570
166,1,1,56697,7278,0,776,27922,1740,570
167,1,1,56711,7273,0,781,27922,1740,570
168,1,1,56723,7269,0,786,27910,1740,570
169,1,1,56732,7266,0,791,27838,1740,570
170,1,1,56738,7263,0,796,27830,1740,570
171,1,1,56744,7259,0,801,27826,1740,570
172,1,1,56749,7256,0,806,27826,1740,570
173,1,1,56754,7256,0,811,27838,1740,570
174,1,1,56758,7256,0,816,27910,1740,570
175,1,1,56761,7256,0,821,27922,1740,570
176,1,1,56765,7256,0,826,27982,1740,570
177,1,1,56769,7256,0,831,28042,1740,570
178,1,1,56775,7256,0,836,28054,1740,570
179,1,1,56786,7260,0,841,28102,1740,570
180,1,1,56801,7264,0,846,28114,1740,570
181,1,1,56821,7269,0,851,28114,1750,570
182,1,1,56840,7275,0,856,28090,1750,570
183,1,1,56857,7280,0,861,27826,1750,570
184,1,1,56869,7284,0,866,27762,1750,570
185,1,1,56877,7288,0,871,27762,1750,570
186,1,1,56884,7292,0,876,27770,1750,570
187,1,1,56893,7298,0,881,27770,1750,570
188,1,1,56904,7305,0,886,27730,1750,570
189,1,1,56914,7312,0,891,27646,1750,570
190,1,1,56922,7318,0,896,27646,1750,570
191,1,1,56927,7323,0,901,27658,1750,570
192,1,1,56929,7326,0,906,27754,1750,570
193,1,1,56930,7327,0,911,27806,1750,570
194,1,1,56930,7328,0,916,27854,1750,570
195,1,1,56931,7328,0,920,27906,1750,570
196,1,1,56931,7328,0,925,27906,1750,570
197,1,1,56931,7329,0,930,27846,1750,570
198,1,1,56931,7329,0,935,27842,1750,570
199,1,1,56931,7330,0,940,27830,1750,570
200,1,1,56931,7330,0,945,27754,1750,570
201,1,1,56931,7330,0,950,27750,1750,570
202,1,1,56931,7330,0,955,27738,1750,570
203,1,1,56931,7330,0,960,27738,1750,570
204,1,1,56931,7330,0,965,27730,1750,570
205,1,1,56931,7330,0,970,27726,1750,570
206,1,1,56930,7330,0,975,27678,1750,570
207,1,1,56926,7330,0,980,27594,1750,570
208,1,1,56922,7330,0,985,27510,1750,570
209,1,1,56917,7327,0,990,27414,1750,570
210,1,1,56912,7324,0,995,27294,1750,570
211,1,1,56906,7321,0,1000,27174,1750,570
212,1,1,56901,7319,0,1005,26982,1750,570
213,1,1,56897,7318,0,1010,26694,1750,570
214,1,1,56893,7317,0,1015,26418,1750,570
215,1,1,56890,7316,0,1020,26202,1770,570
216,1,1,56887,7315,0,1025,26094,1770,570
217,1,1,56885,7313,0,1030,25926,1770,570
218,1,1,56882,7310,0,1035,25766,1770,570
219,1,1,56878,7305,0,1040,25586,1770,570
220,1,1,56871,7298,0,1045,25394,1770,570
221,1,1,56861,7288,0,1050,25394,1770,570
222,1,1,56848,7275,0,1055,25658,1770,570
223,1,1,56833,7260,0,1060,25998,1770,570
224,1,1,56816,7242,0,1065,26094,1770,570
225,1,1,56797,7222,0,1070,26226,1770,570
226,1,1,56774,7200,0,1075,26382,1770,570
227,1,1,56750,7177,0,1080,26562,1750,570
228,1,1,56723,7153,0,1085,26634,1750,570
229,1,1,56695,7128,0,1090,26694,1750,580
230,1,1,56665,7102,0,1094,26846,1750,580
231,1,1,56636,7075,0,1099,26850,1750,580
232,1,1,56606,7048,0,1104,26918,1750,580
233,1,1,56576,7022,0,1109,26926,1740,580
234,1,1,56545,6998,0,1114,27030,1740,580
235,1,1,56515,6976,0,1119,27030,1740,580
236,1,1,56485,6956,0,1124,27030,1740,580
237,1,1,56454,6936,0,1129,27034,1720,580
238,1,1,56424,6919,0,1134,27042,1720,580
239,1,1,56393,6901,0,1139,27102,1720,580
240,1,1,56363,6885,0,1144,27102,1720,580
241,1,1,56335,6871,0,1149,27150,1720,590
242,1,1,56308,6858,0,1154,27090,1720,590
243,1,1,56283,6848,0,1159,27082,1720,590
244,1,1,56259,6839,0,1164,27082,1700,590
245,1,1,56234,6831,0,1169,27178,1700,590
246,1,1,56209,6825,0,1174,27346,1700,590
247,1,1,56183,6820,0,1179,27418,1700,590
248,1,1,56158,6818,0,1184,27502,1680,580
249,1,1,56135,6816,0,1189,27514,1680,580
250,1,1,56115,6816,0,1194,27562,1680,580
251,1,1,56097,6816,0,1199,27610,1680,580
252,1,1,56081,6816,0,1204,27610,1670,580
253,1,1,56067,6821,0,1209,27518,1670,580
254,1,1,56054,6827,0,1214,27350,1670,580
255,1,1,56042,6832,0,1219,27134,1670,580
256,1,1,56031,6837,0,1224,26858,1650,580
257,1,1,56021,6841,0,1229,26678,1650,580
258,1,1,56012,6845,0,1234,26462,1650,580
259,1,1,56005,6850,0,1239,26366,1650,580
260,1,1,56000,6854,0,1244,26366,1650,580
261,1,1,55997,6857,0,1249,26366,1640,580
262,1,1,55996,6861,0,1254,26474,1640,580
263,1,1,55996,6863,0,1259,26630,1640,580
264,1,1,55996,6866,0,1263,26750,1640,580
265,1,1,56002,6869,0,1268,26750,1640,580
266,1,1,56010,6874,0,1273,26710,1640,580
267,1,1,56017,6880,0,1278,26614,1640,580
268,1,1,56024,6886,0,1283,26446,1640,580
269,1,1,56031,6892,0,1288,26158,1640,580
270,1,1,56036,6897,0,1293,25842,1640,580
271,1,1,56041,6902,0,1298,25722,1640,580
272,1,1,56046,6908,0,1303,25638,1640,580
273,1,1,56053,6914,0,1308,25494,1640,580
274,1,1,56063,6920,0,1313,25362,1640,580
275,1,1,56074,6928,0,1318,25206,1640,580
276,1,1,56086,6936,0,1323,25014,1640,580
277,1,1,56098,6943,0,1328,24942,1640,580
278,1,1,56108,6948,0,1333,24870,1640,580
279,1,1,56117,6952,0,1338,24698,1640,580
280,1,1,56125,6954,0,1343,24578,1640,580
281,1,1,56133,6956,0,1348,24442,1640,580
282,1,1,56142,6957,0,1353,24442,1640,580
283,1,1,56151,6957,0,1358,24478,1640,580
284,1,1,56159,6957,0,1363,24566,1640,580
285,1,1,56164,6957,0,1368,24578,1640,580
286,1,1,56167,6957,0,1373,24578,1640,580
287,1,1,56168,6955,0,1378,24650,1640,580
288,1,1,56168,6953,0,1383,24722,1640,580
289,1,1,56168,6951,0,1388,24834,1640,580
290,1,1,56168,6949,0,1393,24842,1640,580
291,1,1,56168,6947,0,1398,24914,1640,580
292,1,1,56168,6943,0,1403,24982,1640,580
293,1,1,56165,6938,0,1408,24982,1640,580
294,1,1,56163,6933,0,1413,24974,1640,580
295,1,1,56160,6926,0,1418,24974,1640,580
296,1,1,56157,6918,0,1423,24978,1640,580
297,1,1,56154,6908,0,1428,25158,1640,580
298,1,1,56150,6896,0,1433,25350,1640,580
299,1,1,56146,6883,0,1437,25470,1640,580
300,1,1,56141,6868,0,1442,25566,1640,580
301,1,1,56134,6850,0,1447,25746,1640,580
302,1,1,56126,6831,0,1452,26014,1640,580
303,1,1,56116,6811,0,1457,26242,1630,590
304,1,1,56104,6791,0,1462,26386,1630,590
305,1,1,56089,6771,0,1467,26482,1630,590
306,1,1,56070,6750,0,1472,26746,1630,590
307,1,1,56047,6727,0,1477,26962,1630,590
308,1,1,56019,6701,0,1482,27058,1630,590
309,1,1,55986,6674,0,1487,27178,1630,590
310,1,1,55949,6645,0,1492,27322,1630,590
311,1,1,55909,6618,0,1497,27322,1630,590
312,1,1,55868,6593,0,1502,27086,1630,590
313,1,1,55828,6571,0,1507,26582,1610,590
314,1,1,55789,6554,0,1512,25970,1610,590
315,1,1,55752,6540,0,1517,24850,1610,590
316,1,1,55715,6532,0,1522,23166,1610,590
317,1,1,55680,6527,0,1527,19017,1600,580
318,1,1,55644,6527,0,1532,12697,1600,580
319,1,1,55616,6527,0,1537,1960,1600,580
320,2,0,55616,6527,0,1542,0,1600,580
321,2,0,55586,6542,0,1547,0,1600,580
322,2,0,55586,6549,8,1552,0,1580,580
323,2,0,55586,6559,20,1557,0,1590,570
324,2,0,55586,6568,40,1562,0,1590,570
325,2,0,55586,6577,60,1567,0,1570,570
326,2,0,55590,6585,88,1572,0,1580,560
327,2,0,55602,6588,108,1577,0,1580,560
328,2,0,55612,6595,140,1582,0,1590,550
329,2,0,55625,6601,160,1587,0,1580,550
330,2,0,55638,6603,188,1592,0,1580,540
331,2,0,55651,6607,208,1597,0,1580,540
332,2,0,55663,6611,240,1602,0,1590,530
333,2,0,55668,6612,260,1606,0,1580,530
334,2,0,55674,6614,280,1611,0,1580,520
335,2,0,55680,6616,300,1616,0,1580,520
336,2,0,55729,6616,308,1621,0,1590,510
337,2,0,55796,6604,320,1626,0,1580,520
338,2,0,55892,6583,328,1631,0,1590,510
339,2,0,55964,6574,328,1636,0,1590,510
340,2,0,55992,6567,328,1641,0,1590,510
341,2,0,56018,6561,341,1646,0,1590,510
342,2,0,56043,6546,341,1651,0,1600,500
343,2,0,56068,6526,328,1656,0,1600,500
344,2,0,56092,6518,328,1661,0,1600,500
345,2,0,56115,6512,320,1666,0,1600,500
346,2,0,56136,6507,308,1671,0,1600,500
347,2,0,56155,6502,300,1676,0,1610,500
348,2,0,56174,6499,280,1681,0,1610,500
349,2,0,56191,6496,268,1686,0,1610,500
350,2,0,56207,6494,248,1691,0,1610,500
351,2,0,56232,6491,228,1696,0,1620,510
352,2,0,56261,6490,220,1701,0,1620,520
353,2,0,56293,6489,200,1706,0,1620,520
354,2,0,56332,6489,188,1711,0,1620,520
355,2,0,56361,6489,180,1716,0,1630,520
356,2,0,56388,6490,160,1721,0,1630,520
357,2,0,56413,6501,148,1726,0,1630,520
358,2,0,56434,6506,140,1731,0,1620,530
359,2,0,56453,6522,128,1736,0,1640,530
360,2,0,56471,6534,120,1741,0,1640,530
361,2,0,56487,6546,108,1746,0,1640,530
362,2,0,56501,6559,100,1751,0,1640,530
363,2,0,56511,6569,100,1756,0,1640,540
364,2,0,56515,6575,88,1761,0,1640,540
365,2,0,56527,6590,88,1766,0,1640,540
366,2,0,56530,6597,80,1771,0,1640,540
367,2,0,56533,6605,68,1776,0,1660,540
368,2,0,56533,6612,60,1780,0,1650,550
369,2,0,56533,6619,48,1785,0,1650,550
370,2,0,56533,6626,40,1790,0,1650,550
371,2,0,56532,6632,28,1795,0,1650,550
372,2,0,56528,6640,20,1800,0,1670,550
373,2,0,56526,6648,8,1805,0,1660,560
374,2,0,56526,6654,0,1810,0,1660,560
375,2,0,56526,6660,0,1815,0,1660,560
376,2,0,56526,6661,0,1820,0,1660,560
377,3,1,56528,6661,0,1820,4644,1660,570
378,3,1,56533,6661,0,1825,12621,1660,570
379,3,1,56537,6661,0,1830,17117,1660,570
380,3,1,56541,6661,0,1835,19621,1660,570
381,3,1,56545,6661,0,1840,20965,1650,580
382,3,1,56548,6661,0,1845,23114,1650,580
383,3,1,56551,6661,0,1850,24190,1650,580
384,3,1,56554,6661,0,1855,24782,1650,580
385,3,1,56556,6661,0,1860,25098,1650,580
386,3,1,56558,6661,0,1865,25242,1650,580
387,3,1,56560,6661,0,1870,25314,1670,580
388,3,1,56562,6661,0,1875,25314,1670,580
389,3,1,56564,6661,0,1880,25254,1660,590
390,3,1,56568,6661,0,1885,25122,1660,590
391,3,1,56574,6659,0,1890,24998,1680,590
392,3,1,56582,6656,0,1895,24990,1680,590
393,3,1,56592,6650,0,1900,24986,1680,590
394,3,1,56603,6643,0,1905,24806,1680,590
395,3,1,56615,6637,0,1910,24574,1700,600
396,3,1,56629,6632,0,1915,24330,1700,600
397,3,1,56642,6628,0,1920,24090,1700,600
398,3,1,56656,6627,0,1925,23870,1700,600
399,3,1,56671,6627,0,1929,23618,1720,590
400,3,1,56686,6627,0,1934,23570,1720,590
401,3,1,56701,6627,0,1939,23510,1710,600
402,3,1,56714,6630,0,1944,23498,1710,600
403,3,1,56725,6634,0,1949,23498,1730,600
404,3,1,56733,6637,0,1954,23618,1730,600
405,3,1,56739,6639,0,1959,24042,1730,600
406,3,1,56743,6640,0,1964,24546,1730,600
407,3,1,56746,6640,0,1969,25106,1750,600
408,3,1,56747,6640,0,1974,25610,1750,600
409,3,1,56748,6640,0,1979,26034,1750,600
410,3,1,56748,6640,0,1984,26406,1750,600
411,3,1,56748,6640,0,1989,26706,1750,600
412,3,1,56748,6640,0,1994,26934,1750,600
413,3,1,56748,6640,0,1999,27090,1750,600
414,3,1,56748,6640,0,2004,27234,1750,600
415,3,1,56749,6640,0,2009,27342,1750,600
416,3,1,56750,6640,0,2014,27426,1750,600
417,3,1,56751,6640,0,2019,27486,1750,590
418,3,1,56753,6642,0,2024,27494,1750,590
419,3,1,56756,6644,0,2029,27542,1750,590
420,3,1,56761,6647,0,2034,27638,1750,590
421,3,1,56768,6650,0,2039,27746,1750,590
422,3,1,56777,6655,0,2044,27870,1750,590
423,3,1,56787,6660,0,2049,27870,1770,590
424,3,1,56796,6666,0,2054,27746,1770,590
425,3,1,56805,6671,0,2059,27458,1770,590
426,3,1,56811,6676,0,2064,26966,1770,590
427,3,1,56816,6681,0,2069,26150,1770,590
428,3,1,56817,6685,0,2074,24714,1770,590
429,3,1,56817,6689,0,2079,22222,1770,590
430,3,1,56817,6694,0,2084,17101,1770,590
431,3,1,56800,6695,0,2089,7772,1770,590
432,3,1,56783,6695,0,2094,1,1770,590
433,4,0,56783,6695,0,2099,0,1770,590
434,4,0,56751,6693,0,2103,0,1770,580
435,4,0,56745,6684,8,2108,0,1770,580
436,4,0,56737,6671,20,2113,0,1750,580
437,4,0,56729,6656,40,2118,0,1750,580
438,4,0,56721,6639,60,2123,0,1750,580
439,4,0,56713,6622,72,2128,0,1740,570
440,4,0,56704,6605,80,2133,0,1740,570
441,4,0,56694,6587,92,2138,0,1740,570
442,4,0,56684,6570,92,2143,0,1720,570
443,4,0,56671,6550,100,2148,0,1720,570
444,4,0,56654,6527,92,2153,0,1720,570
445,4,0,56633,6500,92,2158,0,1710,570
446,4,0,56608,6471,92,2163,0,1710,570
447,4,0,56581,6443,80,2168,0,1710,570
448,4,0,56550,6414,72,2173,0,1710,570
449,4,0,56519,6389,60,2178,0,1690,570
450,4,0,56489,6367,48,2183,0,1690,580
451,4,0,56459,6350,40,2188,0,1690,580
452,4,0,56433,6339,28,2193,0,1690,580
453,4,0,56410,6332,20,2198,0,1690,580
454,4,0,56390,6332,0,2203,0,1690,580
455,4,0,56376,6339,0,2208,0,1680,580
456,4,0,56371,6350,0,2213,0,1680,580
457,4,0,56370,6360,0,2218,0,1680,580
458,5,1,56370,6360,0,2221,3768,1680,590
459,5,1,56370,6360,0,2226,14105,1680,590
460,5,1,56371,6360,0,2231,19489,1680,590
461,5,1,56374,6359,0,2236,22086,1680,590
462,5,1,56376,6356,0,2241,23982,1680,600
463,5,1,56377,6355,0,2246,24966,1680,600
464,5,1,56378,6354,0,2251,25482,1680,600
465,5,1,56380,6353,0,2256,25722,1680,600
466,5,1,56382,6353,0,2261,25818,1680,600
467,5,1,56385,6352,0,2266,25830,1680,600
468,5,1,56389,6350,0,2271,25830,1680,600
469,5,1,56396,6348,0,2276,25790,1690,610
470,5,1,56405,6344,0,2281,25790,1690,610
471,5,1,56417,6341,0,2286,25742,1690,610
472,5,1,56431,6339,0,2291,25694,1690,610
473,5,1,56446,6337,0,2296,25346,1710,610
474,5,1,56461,6337,0,2300,24598,1710,610
475,5,1,56475,6337,0,2305,23134,1710,610
476,5,1,56489,6340,0,2310,20069,1710,610
477,5,1,56506,6352,0,2315,13685,1730,610
478,5,1,56519,6363,0,2320,4128,1730,610
479,6,0,56519,6363,0,2325,0,1730,600
480,6,0,56538,6379,0,2330,0,1730,600
481,6,0,56542,6380,8,2335,0,1730,600
482,6,0,56547,6381,28,2340,0,1730,600
483,6,0,56551,6381,52,2345,0,1730,590
484,6,0,56555,6381,80,2350,0,1730,590
485,6,0,56555,6381,104,2355,0,1730,590
486,6,0,56556,6381,132,2360,0,1740,580
487,6,0,56556,6381,164,2365,0,1720,580
488,6,0,56556,6381,184,2370,0,1720,570
489,6,0,56556,6380,216,2375,0,1720,570
490,6,0,56549,6377,248,2380,0,1720,570
491,6,0,56537,6375,280,2385,0,1710,560
492,6,0,56468,6358,300,2390,0,1710,560
493,6,0,56402,6335,332,2395,0,1710,560
494,6,0,56334,6323,341,2400,0,1710,560
495,6,0,56263,6292,365,2405,0,1700,560
496,6,0,56238,6281,373,2410,0,1700,560
497,6,0,56207,6238,385,2415,0,1700,560
498,6,0,56172,6211,385,2420,0,1700,560
499,6,0,56132,6177,393,2425,0,1680,550
500,6,0,56091,6159,405,2430,0,1680,550
501,6,0,56051,6152,417,2435,0,1680,550
502,6,0,56012,6136,417,2440,0,1690,540
503,6,0,55976,6134,425,2445,0,1690,540
504,6,0,55945,6130,425,2450,0,1680,550
505,6,0,55919,6123,425,2455,0,1680,550
506,6,0,55892,6123,425,2460,0,1680,550
507,6,0,55862,6123,425,2465,0,1680,550
508,6,0,55823,6139,425,2469,0,1680,550
509,6,0,55772,6181,425,2474,0,1700,560
510,6,0,55712,6255,425,2479,0,1700,560
511,6,0,55647,6321,425,2484,0,1700,560
512,6,0,55583,6374,425,2489,0,1690,570
513,6,0,55524,6429,425,2494,0,1690,570
514,6,0,55474,6489,425,2499,0,1700,560
515,6,0,55429,6550,425,2504,0,1700,550
516,6,0,55388,6631,425,2509,0,1710,530
517,6,0,55348,6712,425,2514,0,1720,530
518,6,0,55306,6786,425,2519,0,1720,530
519,6,0,55265,6857,425,2524,0,1720,530
520,6,0,55221,6922,425,2529,0,1720,540
521,6,0,55173,6996,425,2534,0,1730,530
522,6,0,55133,7054,425,2539,0,1730,530
523,6,0,55117,7073,425,2544,0,1740,520
524,6,0,55066,7138,425,2549,0,1740,520
525,6,0,55049,7147,425,2554,0,1740,510
526,6,0,55030,7180,417,2559,0,1740,510
527,6,0,55017,7203,405,2564,0,1750,510
528,6,0,55015,7233,373,2569,0,1750,510
529,6,0,55015,7270,320,2574,0,1750,510
530,6,0,55013,7296,280,2579,0,1750,510
531,6,0,55012,7335,236,2584,0,1760,510
532,6,0,55012,7420,216,2589,0,1760,510
533,6,0,55021,7473,208,2594,0,1770,520
534,6,0,55036,7528,208,2599,0,1780,510
535,6,0,55062,7533,216,2604,0,1790,520
536,6,0,55089,7536,236,2609,0,1790,510
537,6,0,55115,7536,260,2614,0,1790,510
538,6,0,55137,7542,268,2619,0,1800,510
539,6,0,55156,7542,268,2624,0,1800,510
540,6,0,55172,7534,268,2629,0,1800,510
541,6,0,55186,7514,260,2634,0,1800,510
542,6,0,55197,7500,260,2639,0,1810,510
543,6,0,55201,7485,248,2643,0,1810,510
544,6,0,55205,7471,248,2648,0,1810,510
545,6,0,55213,7458,248,2653,0,1810,500
546,6,0,55214,7445,260,2658,0,1810,500
547,6,0,55221,7431,260,2663,0,1810,500
548,6,0,55229,7413,268,2668,0,1810,500
549,6,0,55231,7393,268,2673,0,1810,500
550,6,0,55235,7368,268,2678,0,1810,500
551,6,0,55236,7341,280,2683,0,1810,490
552,6,0,55236,7311,280,2688,0,1810,490
553,6,0,55236,7281,268,2693,0,1810,500
554,6,0,55228,7250,268,2698,0,1810,500
555,6,0,55207,7217,268,2703,0,1810,490
556,6,0,55191,7185,260,2708,0,1810,490
557,6,0,55176,7154,248,2713,0,1810,490
558,6,0,55162,7124,248,2718,0,1810,490
559,6,0,55158,7099,236,2723,0,1810,490
560,6,0,55155,7076,236,2728,0,1810,490
561,6,0,55149,7055,228,2733,0,1810,490
562,6,0,55147,7035,228,2738,0,1810,490
563,6,0,55147,7017,216,2743,0,1810,490
564,6,0,55152,7012,208,2748,0,1810,490
565,6,0,55175,7008,196,2753,0,1810,490
566,6,0,55200,6998,184,2758,0,1810,490
567,6,0,55227,6993,176,2763,0,1810,490
568,6,0,55255,6993,164,2768,0,1800,490
569,6,0,55282,6997,156,2773,0,1800,490
570,6,0,55306,7009,144,2778,0,1800,490
571,6,0,55329,7026,144,2783,0,1800,500
572,6,0,55349,7042,132,2788,0,1800,500
573,6,0,55355,7058,124,2793,0,1800,500
574,6,0,55366,7073,124,2798,0,1800,500
575,6,0,55374,7084,112,2803,0,1800,500
576,6,0,55375,7094,112,2808,0,1800,500
577,6,0,55375,7102,104,2812,0,1800,500
578,6,0,55375,7106,104,2817,0,1800,500
579,6,0,55368,7117,92,2822,0,1800,510
580,6,0,55365,7120,92,2827,0,1800,510
581,6,0,55358,7128,80,2832,0,1800,510
582,6,0,55356,7131,80,2837,0,1800,510
583,6,0,55355,7134,72,2842,0,1790,510
584,6,0,55355,7138,72,2847,0,1790,510
585,6,0,55355,7143,72,2852,0,1790,520
586,6,0,55356,7149,60,2857,0,1790,520
587,6,0,55362,7156,52,2862,0,1790,520
588,6,0,55367,7164,40,2867,0,1790,520
589,6,0,55372,7173,28,2872,0,1790,520
590,6,0,55376,7183,20,2877,0,1790,520
591,6,0,55379,7194,8,2882,0,1790,520
592,6,0,55380,7206,0,2887,0,1790,530
593,6,0,55380,7219,0,2892,0,1790,530
594,6,0,55380,7231,0,2897,0,1790,530
595,6,0,55380,7244,0,2902,0,1790,530
596,6,0,55378,7257,0,2907,0,1790,540
597,6,0,55374,7270,0,2912,0,1790,540
598,6,0,55369,7282,0,2917,0,1790,540
599,6,0,55365,7296,0,2922,0,1790,540
600,6,0,55362,7309,0,2927,0,1790,540
601,6,0,55361,7320,0,2932,0,1790,550
602,6,0,55360,7329,0,2937,0,1790,550
603,6,0,55360,7332,0,2942,0,1790,550
604,7,1,55360,7332,0,2943,1368,1790,550
605,7,1,55360,7332,0,2944,7756,1790,560
606,7,1,55360,7332,0,2945,12309,1790,560
607,7,1,55360,7332,0,2946,15053,1790,560
608,7,1,55360,7332,0,2948,17321,1790,560
609,7,1,55360,7332,0,2953,19037,1790,560
610,7,1,55358,7332,0,2958,20273,1770,560
611,7,1,55356,7332,0,2963,21177,1770,560
612,7,1,55354,7332,0,2968,21773,1770,570
613,7,1,55351,7332,0,2973,22102,1770,570
614,7,1,55349,7332,0,2978,22246,1770,570
615,7,1,55346,7332,0,2983,22246,1770,570
616,7,1,55344,7328,0,2988,22142,1770,570
617,7,1,55342,7325,0,2993,22018,1770,570
618,7,1,55340,7324,0,2998,21874,1770,570
619,7,1,55337,7322,0,3003,21689,1770,570
620,7,1,55334,7322,0,3007,21521,1770,570
621,7,1,55329,7321,0,3012,21401,1770,570
622,7,1,55321,7316,0,3017,21301,1770,570
623,7,1,55308,7306,0,3022,21301,1770,570
624,7,1,55290,7291,0,3027,21665,1770,570
625,7,1,55268,7272,0,3032,22190,1770,570
626,7,1,55243,7251,0,3037,22894,1770,570
627,7,1,55217,7231,0,3042,23374,1770,570
628,7,1,55192,7211,0,3047,23594,1770,570
629,7,1,55167,7192,0,3052,23726,1770,570
630,7,1,55144,7175,0,3057,23882,1750,570
631,7,1,55121,7158,0,3062,23994,1750,570
632,7,1,55101,7143,0,3067,24078,1750,570
633,7,1,55086,7131,0,3072,24190,1750,580
634,7,1,55075,7122,0,3077,24190,1750,580
635,7,1,55070,7117,0,3082,24070,1750,580
636,7,1,55069,7113,0,3087,23958,1750,580
637,7,1,55069,7111,0,3092,23862,1750,580
638,7,1,55069,7108,0,3097,23790,1750,580
639,7,1,55069,7106,0,3102,23718,1750,580
640,7,1,55073,7104,0,3107,23622,1750,580
641,7,1,55077,7101,0,3112,23502,1750,580
642,7,1,55082,7098,0,3117,23378,1750,580
643,7,1,55088,7094,0,3122,23234,1750,580
644,7,1,55095,7087,0,3127,23102,1750,580
645,7,1,55103,7079,0,3132,23030,1750,580
646,7,1,55112,7069,0,3137,22898,1750,580
647,7,1,55124,7059,0,3142,22690,1750,580
648,7,1,55138,7050,0,3147,22290,1750,580
649,7,1,55157,7042,0,3152,21817,1750,580
650,7,1,55181,7036,0,3157,21293,1750,580
651,7,1,55209,7032,0,3162,20821,1750,580
652,7,1,55237,7030,0,3167,20221,1750,580
653,7,1,55264,7030,0,3172,19105,1750,580
654,7,1,55287,7030,0,3176,18489,1750,580
655,7,1,55306,7030,0,3181,18321,1750,580
656,7,1,55321,7030,0,3186,18321,1750,580
657,7,1,55333,7030,0,3191,18409,1750,580
658,7,1,55344,7034,0,3196,18593,1750,580
659,7,1,55352,7038,0,3201,19025,1750,580
660,7,1,55359,7042,0,3206,19613,1750,590
661,7,1,55364,7046,0,3211,20177,1750,590
662,7,1,55369,7047,0,3216,20617,1750,590
663,7,1,55373,7049,0,3221,20933,1750,590
664,7,1,55375,7049,0,3226,21189,1750,590
665,7,1,55377,7049,0,3231,21433,1750,590
666,7,1,55379,7049,0,3236,21649,1750,590
667,7,1,55379,7050,0,3241,21833,1750,590
668,7,1,55380,7052,0,3246,21954,1750,590
669,7,1,55380,7054,0,3251,22014,1750,590
670,7,1,55380,7055,0,3256,22026,1750,590
671,7,1,55381,7055,0,3261,22042,1750,590
672,7,1,55381,7055,0,3266,22126,1750,590
673,7,1,55381,7055,0,3271,22246,1750,590
674,7,1,55381,7055,0,3276,22330,1750,590
675,7,1,55381,7055,0,3281,22338,1750,590
676,7,1,55380,7055,0,3286,22338,1750,590
677,7,1,55377,7055,0,3291,22398,1750,590
678,7,1,55372,7054,0,3296,22486,1770,590
679,7,1,55367,7052,0,3301,22498,1770,590
680,7,1,55361,7051,0,3306,22498,1770,590
681,7,1,55354,7049,0,3311,22458,1770,590
682,7,1,55347,7048,0,3316,22298,1770,590
683,7,1,55340,7048,0,3321,22118,1770,590
684,7,1,55334,7048,0,3326,21801,1770,590
685,7,1,55328,7048,0,3331,21617,1770,590
686,7,1,55320,7048,0,3336,21389,1770,590
687,7,1,55308,7046,0,3341,21121,1770,590
688,7,1,55291,7040,0,3345,21121,1770,590
689,7,1,55270,7031,0,3350,21361,1770,590
690,7,1,55245,7022,0,3355,21677,1770,590
691,7,1,55220,7014,0,3360,21801,1770,590
692,7,1,55195,7006,0,3365,21850,1770,590
693,7,1,55169,6999,0,3370,21958,1770,590
694,7,1,55141,6989,0,3375,22334,1770,590
695,7,1,55112,6980,0,3380,22590,1770,590
696,7,1,55082,6971,0,3385,22722,1770,600
697,7,1,55053,6963,0,3390,22830,1770,600
698,7,1,55024,6955,0,3395,22930,1750,600
699,7,1,54995,6947,0,3400,23050,1750,600
700,7,1,54967,6940,0,3405,23218,1750,600
701,7,1,54939,6933,0,3410,23326,1750,600
702,7,1,54911,6928,0,3415,23330,1750,600
703,7,1,54884,6924,0,3420,23454,1730,600
704,7,1,54857,6920,0,3425,23526,1730,600
705,7,1,54831,6917,0,3430,23574,1730,600
706,7,1,54807,6915,0,3435,23586,1730,600
707,7,1,54785,6914,0,3440,23682,1710,600
708,7,1,54764,6914,0,3445,23686,1710,600
709,7,1,54744,6914,0,3450,23730,1710,600
710,7,1,54725,6914,0,3455,23734,1710,600
711,7,1,54705,6914,0,3460,23814,1710,600
712,7,1,54686,6917,0,3465,23898,1710,600
713,7,1,54666,6922,0,3470,23970,1710,600
714,7,1,54648,6926,0,3475,23982,1710,600
715,7,1,54629,6930,0,3480,24058,1710,600
716,7,1,54610,6934,0,3485,24070,1720,590
717,7,1,54593,6939,0,3490,24082,1720,590
718,7,1,54579,6944,0,3495,24178,1720,590
719,7,1,54566,6949,0,3500,24322,1720,590
720,7,1,54556,6955,0,3505,24382,1700,590
721,7,1,54546,6961,0,3510,24390,1700,590
722,7,1,54537,6967,0,3515,24390,1700,590
723,7,1,54529,6974,0,3519,24442,1700,590
724,7,1,54521,6980,0,3524,24442,1700,590
725,7,1,54515,6986,0,3529,24430,1700,590
726,7,1,54508,6992,0,3534,24430,1680,580
727,7,1,54503,6997,0,3539,24422,1680,580
728,7,1,54498,7003,0,3544,24390,1680,590
729,7,1,54494,7008,0,3549,24382,1680,590
730,7,1,54491,7016,0,3554,24342,1680,590
731,7,1,54491,7023,0,3559,24342,1660,590
732,7,1,54491,7032,0,3564,24342,1660,590
733,7,1,54491,7042,0,3569,24234,1660,590
734,7,1,54494,7053,0,3574,24150,1660,590
735,7,1,54500,7066,0,3579,24150,1670,580
736,7,1,54506,7079,0,3584,24138,1670,580
737,7,1,54512,7094,0,3589,24114,1670,580
738,7,1,54520,7111,0,3594,23966,1670,580
739,7,1,54529,7129,0,3599,23846,1670,580
740,7,1,54541,7149,0,3604,23314,1670,580
741,7,1,54556,7169,0,3609,23170,1670,580
742,7,1,54574,7190,0,3614,22894,1670,580
743,7,1,54595,7210,0,3619,22370,1670,570
744,7,1,54618,7228,0,3624,21837,1670,570
745,7,1,54643,7246,0,3629,21085,1670,570
746,7,1,54670,7263,0,3634,20341,1670,570
747,7,1,54697,7279,0,3639,20109,1670,570
748,7,1,54725,7295,0,3644,19569,1680,560
749,7,1,54754,7310,0,3649,18905,1680,560
750,7,1,54782,7323,0,3654,18349,1680,560
751,7,1,54807,7336,0,3659,17621,1690,570
752,7,1,54830,7347,0,3664,17149,1690,570
753,7,1,54851,7358,0,3669,16937,1690,570
754,7,1,54870,7368,0,3674,16701,1690,570
755,7,1,54887,7374,0,3679,16525,1690,570
756,7,1,54901,7378,0,3684,16165,1690,570
757,7,1,54910,7379,0,3688,15737,1700,560
758,7,1,54915,7379,0,3693,15513,1700,560
759,7,1,54917,7379,0,3698,15209,1700,560
760,7,1,54918,7379,0,3703,14845,1700,560
761,7,1,54918,7379,0,3708,14465,1700,560
762,7,1,54918,7379,0,3713,14097,1700,560
763,7,1,54918,7377,0,3718,13869,1710,560
764,7,1,54918,7375,0,3723,13793,1710,560
765,7,1,54918,7371,0,3728,13793,1710,560
766,7,1,54918,7367,0,3733,13689,1710,560
767,7,1,54918,7361,0,3738,13689,1710,560
768,7,1,54918,7354,0,3743,13685,1710,560
769,7,1,54918,7347,0,3748,13685,1710,560
770,7,1,54918,7338,0,3753,13809,1710,560
771,7,1,54917,7330,0,3758,14165,1710,560
772,7,1,54915,7321,0,3763,14441,1710,560
773,7,1,54911,7312,0,3768,14733,1710,560
774,7,1,54906,7302,0,3773,15137,1710,560
775,7,1,54899,7290,0,3778,15617,1710,560
776,7,1,54891,7276,0,3783,16257,1710,560
777,7,1,54880,7259,0,3788,16829,1710,560
778,7,1,54868,7239,0,3793,17513,1710,560
779,7,1,54853,7219,0,3798,18417,1710,560
780,7,1,54837,7197,0,3803,19181,1710,570
781,7,1,54820,7178,0,3808,19449,1710,570
782,7,1,54802,7160,0,3813,19769,1710,570
783,7,1,54784,7141,0,3818,19941,1710,570
784,7,1,54766,7122,0,3823,20061,1710,570
785,7,1,54746,7101,0,3828,20381,1710,570
786,7,1,54727,7080,0,3833,20721,1710,570
787,7,1,54707,7061,0,3838,20953,1710,570
788,7,1,54689,7044,0,3843,21037,1710,570
789,7,1,54671,7030,0,3848,21041,1700,580
790,7,1,54656,7018,0,3853,21213,1700,580
791,7,1,54641,7007,0,3858,21213,1700,580
792,7,1,54626,6997,0,3862,21273,1700,580
793,7,1,54610,6987,0,3867,21397,1700,580
794,7,1,54593,6976,0,3872,22210,1700,580
795,7,1,54575,6966,0,3877,23070,1700,580
796,7,1,54557,6956,0,3882,23410,1700,580
797,7,1,54538,6949,0,3887,23686,1700,580
798,7,1,54520,6943,0,3892,23830,1700,580
799,7,1,54499,6936,0,3897,23926,1700,580
800,7,1,54477,6930,0,3902,24074,1700,580
801,7,1,54452,6922,0,3907,24242,1700,580
802,7,1,54425,6915,0,3912,24398,1690,580
803,7,1,54399,6908,0,3917,24582,1690,580
804,7,1,54373,6902,0,3922,24790,1690,580
805,7,1,54351,6899,0,3927,25186,1680,580
806,7,1,54331,6898,0,3932,25294,1680,580
807,7,1,54315,6898,0,3937,25366,1680,580
808,7,1,54301,6898,0,3942,25498,1670,580
809,7,1,54289,6898,0,3947,25582,1670,580
810,7,1,54279,6898,0,3952,25642,1670,580
811,7,1,54270,6899,0,3957,25774,1670,580
812,7,1,54262,6901,0,3962,25886,1670,580
813,7,1,54255,6905,0,3967,25994,1670,580
814,7,1,54248,6911,0,3972,26126,1670,580
815,7,1,54241,6918,0,3977,26222,1650,580
816,7,1,54234,6927,0,3982,26282,1650,580
817,7,1,54227,6935,0,3987,26282,1650,580
818,7,1,54223,6943,0,3992,26198,1650,580
819,7,1,54219,6950,0,3997,26194,1650,580
820,7,1,54218,6957,0,4002,26198,1650,580
821,7,1,54217,6964,0,4007,26194,1650,580
822,7,1,54217,6971,0,4012,26154,1650,580
823,7,1,54217,6979,0,4017,26146,1650,580
824,7,1,54217,6986,0,4022,26002,1650,580
825,7,1,54217,6993,0,4027,25954,1650,580
826,7,1,54217,7000,0,4031,25870,1650,580
827,7,1,54217,7007,0,4036,25782,1650,580
828,7,1,54218,7013,0,4041,25686,1650,580
829,7,1,54220,7019,0,4046,25518,1650,580
830,7,1,54223,7024,0,4051,25314,1650,580
831,7,1,54225,7029,0,4056,25110,1650,580
832,7,1,54227,7034,0,4061,24858,1650,580
833,7,1,54229,7037,0,4066,24602,1650,580
834,7,1,54231,7040,0,4071,24370,1650,580
835,7,1,54231,7041,0,4076,24130,1650,580
836,7,1,54232,7042,0,4081,23934,1650,580
837,7,1,54232,7043,0,4086,23802,1650,580
838,7,1,54233,7043,0,4091,23694,1650,580
839,7,1,54233,7044,0,4096,23574,1650,580
840,7,1,54234,7044,0,4101,23514,1650,580
841,7,1,54234,7044,0,4106,23502,1650,580
842,7,1,54234,7044,0,4111,23494,1650,580
843,7,1,54234,7044,0,4116,23494,1650,580
844,7,1,54234,7044,0,4121,23498,1650,580
845,7,1,54234,7044,0,4126,23498,1650,580
846,7,1,54234,7044,0,4131,23486,1650,580
847,7,1,54234,7044,0,4136,23414,1660,570
848,7,1,54234,7044,0,4141,23398,1660,570
849,7,1,54234,7044,0,4146,23386,1660,570
850,7,1,54234,7044,0,4151,23338,1660,570
851,7,1,54234,7044,0,4156,23290,1660,570
852,7,1,54234,7044,0,4161,23278,1660,570
853,7,1,54234,7044,0,4166,23206,1660,570
854,7,1,54234,7043,0,4171,23146,1660,570
855,7,1,54233,7041,0,4176,23074,1660,570
856,7,1,54231,7040,0,4181,22930,1660,570
857,7,1,54229,7037,0,4186,22758,1660,570
858,7,1,54228,7035,0,4191,22626,1660,570
859,7,1,54226,7032,0,4196,22542,1660,570
860,7,1,54224,7029,0,4201,22430,1660,570
861,7,1,54222,7027,0,4205,22298,1660,570
862,7,1,54220,7025,0,4210,22166,1660,570
863,7,1,54218,7023,0,4215,22058,1660,570
864,7,1,54216,7022,0,4220,21982,1660,570
865,7,1,54215,7021,0,4225,21938,1660,570
866,7,1,54213,7020,0,4230,21934,1660,570
867,7,1,54212,7019,0,4235,21938,1660,570
868,7,1,54211,7017,0,4240,21982,1660,570
869,7,1,54210,7015,0,4245,21982,1660,570
870,7,1,54209,7011,0,4250,21982,1660,570
871,7,1,54207,7004,0,4255,22026,1660,570
872,7,1,54204,6996,0,4260,22306,1660,570
873,7,1,54199,6985,0,4265,22550,1660,570
874,7,1,54192,6974,0,4270,22730,1660,570
875,7,1,54183,6962,0,4275,22902,1660,570
876,7,1,54172,6949,0,4280,23082,1660,570
877,7,1,54161,6937,0,4285,23310,1660,570
878,7,1,54150,6927,0,4290,23518,1660,570
879,7,1,54140,6918,0,4295,23566,1660,570
880,7,1,54129,6909,0,4300,23570,1660,570
881,7,1,54115,6899,0,4305,23654,1660,570
882,7,1,54099,6889,0,4310,23750,1660,570
883,7,1,54080,6878,0,4315,23966,1660,570
884,7,1,54062,6867,0,4320,24246,1660,570
885,7,1,54045,6858,0,4325,24318,1660,570
886,7,1,54029,6850,0,4330,24322,1660,570
887,7,1,54012,6841,0,4335,24330,1660,570
888,7,1,53992,6832,0,4340,24402,1660,570
889,7,1,53970,6823,0,4345,24474,1660,570
890,7,1,53948,6814,0,4350,24630,1660,570
891,7,1,53929,6806,0,4355,24634,1660,570
892,7,1,53913,6799,0,4360,24690,1660,570
893,7,1,53899,6794,0,4365,24694,1660,570
894,7,1,53886,6789,0,4370,24706,1660,570
895,7,1,53872,6784,0,4374,24806,1640,570
896,7,1,53859,6780,0,4379,24866,1640,570
897,7,1,53847,6776,0,4384,24950,1640,570
898,7,1,53838,6775,0,4389,25010,1640,570
899,7,1,53830,6775,0,4394,25154,1640,570
900,7,1,53824,6775,0,4399,25358,1640,570
901,7,1,53817,6775,0,4404,25574,1640,570
902,7,1,53809,6775,0,4409,25682,1640,570
903,7,1,53801,6775,0,4414,25730,1640,570
904,7,1,53791,6776,0,4419,25778,1630,570
905,7,1,53781,6777,0,4424,25778,1630,570
906,7,1,53769,6778,0,4429,25734,1630,570
907,7,1,53758,6778,0,4434,25686,1630,570
908,7,1,53747,6779,0,4439,25602,1630,570
909,7,1,53738,6780,0,4444,25594,1630,570
910,7,1,53729,6783,0,4449,25582,1630,570
911,7,1,53722,6786,0,4454,25510,1610,570
912,7,1,53717,6788,0,4459,25342,1610,570
913,7,1,53713,6791,0,4464,25258,1610,570
914,7,1,53711,6794,0,4469,25186,1610,570
915,7,1,53709,6797,0,4474,25186,1610,570
916,7,1,53708,6801,0,4479,25178,1610,570
917,7,1,53708,6805,0,4484,25162,1610,570
918,7,1,53708,6808,0,4489,25162,1610,570
919,7,1,53708,6812,0,4494,25210,1610,570
920,7,1,53708,6817,0,4499,25218,1610,570
921,7,1,53709,6823,0,4504,25278,1610,570
922,7,1,53713,6828,0,4509,25278,1610,570
923,7,1,53717,6834,0,4514,25266,1610,570
924,7,1,53721,6839,0,4519,25146,1590,570
925,7,1,53724,6844,0,4524,24966,1590,570
926,7,1,53728,6849,0,4529,24758,1590,570
927,7,1,53732,6854,0,4534,24394,1590,570
928,7,1,53736,6859,0,4539,24010,1590,570
929,7,1,53743,6866,0,4544,23538,1590,570
930,7,1,53752,6875,0,4548,23006,1590,570
931,7,1,53764,6885,0,4553,22022,1590,570
932,7,1,53778,6895,0,4558,20477,1590,570
933,7,1,53792,6903,0,4563,19353,1590,570
934,7,1,53807,6910,0,4568,18677,1590,570
935,7,1,53820,6915,0,4573,18233,1600,560
936,7,1,53832,6919,0,4578,18009,1600,560
937,7,1,53841,6921,0,4583,18009,1600,560
938,7,1,53849,6922,0,4588,18145,1600,560
939,7,1,53853,6922,0,4593,18393,1600,560
940,7,1,53856,6922,0,4598,18677,1600,560
941,7,1,53858,6922,0,4603,18973,1610,570
942,7,1,53858,6922,0,4608,19301,1610,570
943,7,1,53858,6922,0,4613,19573,1610,570
944,7,1,53858,6922,0,4618,19793,1610,570
945,7,1,53858,6922,0,4623,19929,1610,570
946,7,1,53858,6922,0,4628,19989,1610,570
947,7,1,53858,6921,0,4633,20033,1610,570
948,7,1,53858,6917,0,4638,20033,1610,570
949,7,1,53858,6911,0,4643,19985,1610,570
950,7,1,53858,6903,0,4648,19985,1610,570
951,7,1,53858,6893,0,4653,20093,1610,570
952,7,1,53858,6885,0,4658,20341,1610,570
953,7,1,53858,6876,0,4663,20597,1610,570
954,7,1,53858,6866,0,4668,20853,1610,570
955,7,1,53856,6856,0,4673,21253,1610,570
956,7,1,53854,6842,0,4678,21753,1610,570
957,7,1,53851,6827,0,4683,22346,1610,570
958,7,1,53847,6811,0,4688,22722,1610,570
959,7,1,53840,6792,0,4693,23146,1610,570
960,7,1,53832,6773,0,4698,23414,1610,570
961,7,1,53822,6751,0,4703,23798,1610,570
962,7,1,53811,6728,0,4708,24246,1610,570
963,7,1,53796,6703,0,4713,24778,1610,570
964,7,1,53778,6674,0,4717,25106,1610,570
965,7,1,53756,6643,0,4722,25478,1600,580
966,7,1,53730,6610,0,4727,26190,1600,580
967,7,1,53699,6576,0,4732,26790,1600,580
968,7,1,53664,6542,0,4737,27198,1600,580
969,7,1,53625,6508,0,4742,27498,1600,580
970,7,1,53581,6473,0,4747,27702,1600,580
971,7,1,53533,6436,0,4752,27946,1580,580
972,7,1,53481,6401,0,4757,28102,1580,580
973,7,1,53426,6366,0,4762,28162,1580,580
974,7,1,53367,6332,0,4767,28162,1580,580
975,7,1,53309,6302,0,4772,28150,1570,580
976,7,1,53252,6274,0,4777,27970,1560,590
977,7,1,53201,6251,0,4782,27582,1560,590
978,7,1,53157,6233,0,4787,27174,1560,590
979,7,1,53122,6221,0,4792,26574,1540,580
980,7,1,53096,6216,0,4797,25802,1540,580
981,7,1,53076,6216,0,4802,24586,1540,580
982,7,1,53061,6216,0,4807,22274,1540,580
983,7,1,53050,6253,0,4812,17269,1540,570
984,7,1,53044,6290,0,4817,8192,1540,570
985,7,1,53039,6334,0,4822,1,1540,570
986,8,0,53039,6334,0,4827,0,1540,570
987,8,0,53033,6410,20,4832,0,1540,560
988,8,0,53033,6447,52,4837,0,1530,560
989,8,0,53033,6483,72,4842,0,1540,550
990,8,0,53033,6517,104,4847,0,1540,550
991,8,0,53042,6548,124,4852,0,1550,540
992,8,0,53055,6576,144,4857,0,1530,540
993,8,0,53070,6603,168,4862,0,1540,530
994,8,0,53088,6627,188,4867,0,1550,520
995,8,0,53108,6649,208,4872,0,1550,520
996,8,0,53131,6669,220,4877,0,1560,510
997,8,0,53155,6687,240,4882,0,1560,510
998,8,0,53182,6704,252,4887,0,1570,510
999,8,0,53210,6720,260,4891,0,1570,510
1000,8,0,53243,6743,272,4896,0,1570,500
1001,8,0,53283,6770,272,4901,0,1570,500
1002,8,0,53329,6801,272,4906,0,1580,490
1003,8,0,53382,6837,272,4911,0,1580,490
1004,8,0,53447,6872,260,4916,0,1580,490
1005,8,0,53514,6906,252,4921,0,1590,480
1006,8,0,53594,6940,228,4926,0,1590,480
1007,8,0,53674,6972,220,4931,0,1600,480
1008,8,0,53757,7002,196,4936,0,1600,480
1009,8,0,53838,7033,176,4941,0,1600,480
1010,8,0,53907,7061,156,4946,0,1600,480
1011,8,0,53980,7094,136,4951,0,1610,480
1012,8,0,54040,7125,124,4956,0,1610,480
1013,8,0,54095,7157,104,4961,0,1620,490
1014,8,0,54150,7193,92,4966,0,1620,500
1015,8,0,54194,7226,84,4971,0,1630,500
1016,8,0,54234,7260,72,4976,0,1630,500
1017,8,0,54272,7298,52,4981,0,1630,500
1018,8,0,54301,7332,40,4986,0,1640,500
1019,8,0,54327,7365,40,4991,0,1640,510
1020,8,0,54351,7398,28,4996,0,1640,510
1021,8,0,54371,7425,28,5001,0,1640,510
1022,8,0,54391,7453,20,5006,0,1650,510
1023,8,0,54410,7478,8,5011,0,1640,520
1024,8,0,54427,7501,0,5016,0,1640,520
1025,8,0,54442,7522,0,5021,0,1660,520
1026,8,0,54455,7538,0,5026,0,1660,520
1027,8,0,54466,7553,0,5031,0,1660,530
1028,8,0,54483,7572,0,5036,0,1660,530
1029,8,0,54499,7588,0,5041,0,1680,530
1030,8,0,54512,7600,0,5046,0,1680,530
1031,8,0,54524,7610,0,5051,0,1670,540
1032,8,0,54529,7612,0,5056,0,1690,540
1033,9,1,54535,7613,0,5064,8404,1690,540
1034,9,1,54541,7614,0,5069,15097,1700,550
1035,9,1,54547,7615,0,5074,19617,1700,550
1036,9,1,54551,7616,0,5079,22262,1710,560
1037,9,1,54555,7617,0,5084,24090,1710,560
1038,9,1,54557,7618,0,5089,25226,1730,560
1039,9,1,54559,7619,0,5094,26142,1730,560
1040,9,1,54561,7620,0,5099,26934,1730,560
1041,9,1,54563,7622,0,5104,27582,1740,560
1042,9,1,54565,7623,0,5109,27994,1740,560
1043,9,1,54566,7625,0,5114,28282,1760,560
1044,9,1,54567,7627,0,5119,28474,1760,560
1045,9,1,54569,7629,0,5124,28578,1760,560
1046,9,1,54570,7631,0,5129,28578,1760,560
1047,9,1,54572,7633,0,5134,28410,1770,560
1048,9,1,54576,7635,0,5139,28122,1770,560
1049,9,1,54582,7637,0,5144,27542,1770,560
1050,9,1,54591,7639,0,5148,26450,1770,560
1051,9,1,54603,7642,0,5153,24482,1790,560
1052,9,1,54616,7643,0,5158,19665,1790,560
1053,9,1,54623,7643,0,5163,12461,1790,560
1054,9,1,54626,7641,0,5168,1648,1790,560
1055,10,0,54626,7641,0,5173,0,1790,560
1056,10,0,54626,7621,0,5178,0,1790,550
1057,10,0,54626,7611,8,5183,0,1790,550
1058,10,0,54626,7598,28,5188,0,1790,550
1059,10,0,54626,7584,40,5193,0,1790,550
1060,10,0,54626,7571,48,5198,0,1790,540
1061,10,0,54626,7558,60,5203,0,1790,540
1062,10,0,54626,7546,72,5208,0,1790,540
1063,10,0,54625,7534,72,5213,0,1790,540
1064,10,0,54622,7522,80,5218,0,1790,540
1065,10,0,54617,7508,80,5223,0,1790,540
1066,10,0,54608,7491,80,5228,0,1790,540
1067,10,0,54596,7470,92,5233,0,1790,540
1068,10,0,54579,7447,80,5238,0,1770,540
1069,10,0,54555,7423,80,5243,0,1770,540
1070,10,0,54524,7398,80,5248,0,1770,540
1071,10,0,54487,7371,80,5253,0,1770,540
1072,10,0,54442,7343,80,5258,0,1760,540
1073,10,0,54392,7315,80,5263,0,1760,540
1074,10,0,54336,7285,80,5268,0,1760,540
1075,10,0,54275,7254,80,5273,0,1760,540
1076,10,0,54211,7223,80,5278,0,1750,540
1077,10,0,54144,7191,80,5283,0,1750,540
1078,10,0,54078,7159,80,5288,0,1750,540
1079,10,0,54015,7128,80,5293,0,1750,540
1080,10,0,53956,7098,80,5298,0,1750,540
1081,10,0,53903,7071,80,5303,0,1750,540
1082,10,0,53857,7047,80,5308,0,1750,540
1083,10,0,53817,7024,80,5313,0,1750,540
1084,10,0,53783,7003,80,5317,0,1750,540
1085,10,0,53755,6985,80,5322,0,1750,540
1086,10,0,53732,6969,72,5327,0,1750,540
1087,10,0,53714,6956,72,5332,0,1730,530
1088,10,0,53701,6946,72,5337,0,1730,530
1089,10,0,53692,6939,72,5342,0,1730,530
1090,10,0,53685,6932,60,5347,0,1730,530
1091,10,0,53678,6928,60,5352,0,1730,540
1092,10,0,53672,6927,60,5357,0,1730,540
1093,10,0,53666,6927,48,5362,0,1730,540
1094,10,0,53662,6927,48,5367,0,1730,540
1095,10,0,53658,6927,48,5372,0,1730,540
1096,10,0,53655,6932,40,5377,0,1730,540
1097,10,0,53650,6938,40,5382,0,1730,540
1098,10,0,53645,6945,40,5387,0,1730,540
1099,10,0,53639,6952,40,5392,0,1730,540
1100,10,0,53633,6959,28,5397,0,1730,540
1101,10,0,53626,6966,28,5402,0,1730,540
1102,10,0,53618,6973,28,5407,0,1730,540
1103,10,0,53610,6979,28,5412,0,1730,540
1104,10,0,53601,6984,28,5417,0,1730,540
1105,10,0,53592,6989,28,5422,0,1730,540
1106,10,0,53581,6993,28,5427,0,1730,540
1107,10,0,53569,6996,28,5432,0,1730,540
1108,10,0,53555,6998,28,5437,0,1730,540
1109,10,0,53539,6999,28,5442,0,1730,540
1110,10,0,53519,6999,28,5447,0,1730,540
1111,10,0,53496,6999,28,5452,0,1730,540
1112,10,0,53467,6999,20,5457,0,1730,540
1113,10,0,53437,6997,20,5462,0,1730,540
1114,10,0,53407,6993,20,5467,0,1730,540
1115,10,0,53377,6989,20,5472,0,1730,540
1116,10,0,53352,6986,20,5477,0,1730,540
1117,10,0,53330,6984,8,5482,0,1730,540
1118,10,0,53312,6983,8,5487,0,1730,540
1119,10,0,53298,6983,8,5491,0,1730,540
1120,10,0,53289,6983,0,5496,0,1730,540
1121,10,0,53284,6983,0,5501,0,1730,540
1122,10,0,53282,6983,0,5506,0,1730,540
1123,10,0,53281,6985,0,5511,0,1730,540
1124,10,0,53281,6989,0,5516,0,1730,540
1125,10,0,53281,6995,0,5521,0,1730,540
1126,10,0,53281,7002,0,5526,0,1730,550
1127,10,0,53281,7012,0,5531,0,1730,550
1128,10,0,53285,7025,0,5536,0,1730,550
1129,10,0,53288,7035,0,5541,0,1730,550
1130,10,0,53291,7046,0,5546,0,1730,550
1131,10,0,53292,7053,0,5551,0,1730,550
1132,10,0,53293,7060,0,5556,0,1730,550
1133,10,0,53293,7067,0,5561,0,1730,550
1134,10,0,53294,7074,0,5566,0,1730,560
1135,10,0,53294,7080,0,5571,0,1730,560
1136,10,0,53294,7083,0,5576,0,1730,560
1137,11,1,53294,7084,0,5581,1176,1730,560
1138,11,1,53294,7084,0,5586,6040,1730,560
1139,11,1,53294,7084,0,5591,8952,1720,570
1140,11,1,53294,7084,0,5596,11641,1720,570
1141,11,1,53294,7084,0,5601,13737,1720,570
1142,11,1,53294,7084,0,5606,15445,1720,570
1143,11,1,53294,7084,0,5611,16909,1720,570
1144,11,1,53294,7084,0,5616,18225,1720,570
1145,11,1,53294,7084,0,5621,19429,1720,570
1146,11,1,53294,7084,0,5626,20553,1720,570
1147,11,1,53294,7084,0,5631,21517,1720,570
1148,11,1,53294,7084,0,5636,22366,1720,570
1149,11,1,53294,7084,0,5641,23022,1720,580
1150,11,1,53294,7084,0,5646,23494,1720,580
1151,11,1,53292,7084,0,5650,23806,1720,570
1152,11,1,53290,7084,0,5655,24002,1720,570
1153,11,1,53288,7084,0,5660,24110,1720,570
1154,11,1,53285,7084,0,5665,24182,1720,570
1155,11,1,53281,7084,0,5670,24194,1720,570
1156,11,1,53276,7084,0,5675,24258,1720,570
1157,11,1,53271,7084,0,5680,24258,1720,570
1158,11,1,53265,7084,0,5685,24198,1720,570
1159,11,1,53258,7084,0,5690,24194,1720,580
1160,11,1,53246,7081,0,5695,24182,1720,580
1161,11,1,53227,7075,0,5700,24182,1720,580
1162,11,1,53200,7068,0,5705,24494,1720,580
1163,11,1,53169,7059,0,5710,24874,1700,580
1164,11,1,53136,7049,0,5715,25066,1700,580
1165,11,1,53106,7039,0,5720,25198,1700,580
1166,11,1,53079,7029,0,5725,25334,1700,580
1167,11,1,53056,7020,0,5730,25334,1700,580
1168,11,1,53034,7011,0,5735,25334,1700,580
1169,11,1,53010,7001,0,5740,25346,1700,580
1170,11,1,52985,6992,0,5745,25358,1700,580
1171,11,1,52960,6982,0,5750,25370,1700,580
1172,11,1,52937,6972,0,5755,25370,1700,580
1173,11,1,52918,6963,0,5760,25310,1700,580
1174,11,1,52904,6954,0,5765,25238,1700,580
1175,11,1,52893,6946,0,5770,25142,1700,580
1176,11,1,52883,6937,0,5775,25082,1700,580
1177,11,1,52871,6927,0,5780,24986,1700,580
1178,11,1,52858,6916,0,5785,24986,1700,580
1179,11,1,52845,6904,0,5790,24990,1700,580
1180,11,1,52834,6893,0,5795,25026,1700,580
1181,11,1,52827,6885,0,5800,25026,1700,580
1182,11,1,52824,6880,0,5805,24918,1700,580
1183,11,1,52824,6877,0,5810,24858,1700,580
1184,11,1,52824,6875,0,5815,24626,1700,580
1185,11,1,52824,6871,0,5820,24442,1700,580
1186,11,1,52824,6867,0,5824,24286,1700,580
1187,11,1,52824,6862,0,5829,24178,1700,580
1188,11,1,52826,6857,0,5834,24070,1690,580
1189,11,1,52829,6850,0,5839,23946,1690,580
1190,11,1,52834,6842,0,5844,23862,1690,580
1191,11,1,52839,6834,0,5849,23850,1690,580
1192,11,1,52845,6826,0,5854,23730,1690,580
1193,11,1,52853,6819,0,5859,23562,1690,580
1194,11,1,52860,6812,0,5864,23378,1680,580
1195,11,1,52867,6808,0,5869,23114,1680,580
1196,11,1,52874,6804,0,5874,22810,1680,580
1197,11,1,52883,6800,0,5879,22642,1680,580
1198,11,1,52894,6798,0,5884,22582,1680,580
1199,11,1,52907,6794,0,5889,22582,1680,580
1200,11,1,52922,6790,0,5894,22802,1680,580
1201,11,1,52935,6785,0,5899,23034,1680,580
1202,11,1,52947,6779,0,5904,23094,1680,580
1203,11,1,52956,6774,0,5909,23134,1680,580
1204,11,1,52963,6769,0,5914,23134,1680,580
1205,11,1,52968,6765,0,5919,23126,1680,580
1206,11,1,52971,6762,0,5924,23066,1680,580
1207,11,1,52973,6759,0,5929,22958,1680,580
1208,11,1,52975,6756,0,5934,22870,1680,580
1209,11,1,52976,6754,0,5939,22774,1680,580
1210,11,1,52976,6750,0,5944,22666,1690,580
1211,11,1,52976,6746,0,5949,22558,1690,580
1212,11,1,52976,6740,0,5954,22410,1690,580
1213,11,1,52976,6733,0,5959,22410,1690,580
1214,11,1,52976,6727,0,5964,22414,1690,580
1215,11,1,52976,6719,0,5969,22466,1690,580
1216,11,1,52975,6713,0,5974,22478,1690,580
1217,11,1,52973,6707,0,5979,22610,1690,580
1218,11,1,52970,6700,0,5984,22682,1690,580
1219,11,1,52966,6693,0,5989,22742,1690,580
1220,11,1,52962,6683,0,5993,22746,1680,580
1221,11,1,52956,6671,0,5998,22758,1680,580
1222,11,1,52949,6655,0,6003,22854,1680,580
1223,11,1,52940,6636,0,6008,22990,1680,580
1224,11,1,52929,6616,0,6013,23278,1680,580
1225,11,1,52915,6595,0,6018,23522,1680,580
1226,11,1,52898,6574,0,6023,23526,1680,580
1227,11,1,52878,6553,0,6028,23622,1680,580
1228,11,1,52855,6530,0,6033,23766,1680,580
1229,11,1,52830,6507,0,6038,24142,1680,580
1230,11,1,52804,6483,0,6043,24202,1680,580
1231,11,1,52775,6458,0,6048,24394,1680,580
1232,11,1,52745,6432,0,6053,24502,1680,580
1233,11,1,52713,6406,0,6058,24638,1680,580
1234,11,1,52678,6379,0,6063,24834,1680,580
1235,11,1,52642,6353,0,6068,24990,1670,580
1236,11,1,52604,6326,0,6073,25134,1670,580
1237,11,1,52565,6300,0,6078,25242,1670,580
1238,11,1,52525,6274,0,6083,25246,1670,580
1239,11,1,52483,6248,0,6088,25670,1670,580
1240,11,1,52440,6222,0,6093,25678,1650,590
1241,11,1,52398,6199,0,6098,25890,1650,590
1242,11,1,52358,6180,0,6103,25962,1650,590
1243,11,1,52324,6166,0,6108,26046,1650,590
1244,11,1,52299,6158,0,6113,26130,1630,590
1245,11,1,52282,6155,0,6118,26130,1630,590
1246,11,1,52269,6155,0,6123,26190,1630,590
1247,11,1,52255,6155,0,6128,26538,1630,590
1248,11,1,52239,6155,0,6133,26946,1610,590
1249,11,1,52220,6155,0,6138,27150,1610,590
1250,11,1,52200,6155,0,6143,27270,1610,590
1251,11,1,52182,6157,0,6148,27426,1610,590
1252,11,1,52166,6160,0,6153,27582,1600,580
1253,11,1,52151,6164,0,6158,27750,1590,590
1254,11,1,52135,6172,0,6163,27934,1590,590
1255,11,1,52118,6182,0,6167,28006,1590,590
1256,11,1,52101,6192,0,6172,28054,1570,590
1257,11,1,52087,6202,0,6177,28126,1570,590
1258,11,1,52076,6210,0,6182,28186,1570,590
1259,11,1,52069,6218,0,6187,28282,1570,590
1260,11,1,52064,6226,0,6192,28330,1560,590
1261,11,1,52061,6236,0,6197,28330,1560,590
1262,11,1,52059,6248,0,6202,28330,1560,590
1263,11,1,52059,6262,0,6207,28258,1560,590
1264,11,1,52059,6278,0,6212,28250,1540,580
1265,11,1,52059,6294,0,6217,28250,1540,580
1266,11,1,52059,6309,0,6222,28382,1540,580
1267,11,1,52061,6323,0,6227,28502,1540,580
1268,11,1,52066,6340,0,6232,28646,1530,590
1269,11,1,52071,6360,0,6237,28850,1530,590
1270,11,1,52077,6384,0,6242,28850,1530,590
1271,11,1,52084,6411,0,6247,28534,1530,590
1272,11,1,52091,6437,0,6252,28462,1530,590
1273,11,1,52100,6460,0,6257,28462,1530,590
1274,11,1,52111,6483,0,6262,28654,1530,590
1275,11,1,52125,6508,0,6267,28654,1530,590
1276,11,1,52145,6537,0,6272,28462,1540,580
1277,11,1,52169,6572,0,6277,28366,1540,580
1278,11,1,52197,6612,0,6282,27654,1540,580
1279,11,1,52227,6653,0,6287,27210,1540,580
1280,11,1,52259,6697,0,6292,26742,1540,580
1281,11,1,52294,6742,0,6297,26178,1540,580
1282,11,1,52335,6792,0,6302,25938,1540,580
1283,11,1,52382,6846,0,6307,25082,1540,580
1284,11,1,52435,6904,0,6312,24522,1550,580
1285,11,1,52493,6964,0,6317,23218,1550,580
1286,11,1,52554,7024,0,6322,21569,1550,580
1287,11,1,52618,7084,0,6327,19789,1570,580
1288,11,1,52684,7142,0,6332,17545,1570,570
1289,11,1,52750,7199,0,6336,13333,1570,570
1290,11,1,52829,7270,0,6341,7280,1570,570
1291,11,1,52891,7326,0,6346,116,1570,570
1292,12,0,52891,7326,0,6351,0,1580,560
1293,12,0,52980,7406,0,6356,0,1580,560
1294,12,0,52994,7414,8,6361,0,1580,560
1295,12,0,53012,7423,28,6366,0,1590,550
1296,12,0,53030,7430,40,6371,0,1590,550
1297,12,0,53049,7435,60,6376,0,1590,550
1298,12,0,53068,7439,80,6381,0,1600,540
1299,12,0,53088,7440,100,6386,0,1600,530
1300,12,0,53110,7441,128,6391,0,1600,530
1301,12,0,53135,7441,160,6396,0,1600,530
1302,12,0,53162,7441,188,6401,0,1610,520
1303,12,0,53191,7441,220,6406,0,1610,520
1304,12,0,53221,7441,248,6411,0,1610,520
1305,12,0,53250,7440,268,6416,0,1620,520
1306,12,0,53279,7435,300,6421,0,1620,510
1307,12,0,53305,7429,328,6426,0,1620,510
1308,12,0,53413,7403,361,6431,0,1620,510
1309,12,0,53512,7363,381,6436,0,1620,500
1310,12,0,53547,7310,401,6441,0,1620,500
1311,12,0,53570,7290,421,6446,0,1620,490
1312,12,0,53583,7220,429,6451,0,1620,490
1313,12,0,53679,7159,441,6456,0,1610,480
1314,12,0,53672,7111,449,6461,0,1610,480
1315,12,0,53652,7073,449,6466,0,1620,480
1316,12,0,53652,7031,449,6471,0,1620,480
1317,12,0,53649,6988,449,6476,0,1620,480
1318,12,0,53646,6957,449,6481,0,1620,480
1319,12,0,53645,6957,449,6486,0,1620,480
1320,12,0,53639,6906,449,6491,0,1610,480
1321,12,0,53637,6864,449,6496,0,1610,480
1322,12,0,53636,6816,449,6501,0,1620,480
1323,12,0,53636,6770,449,6506,0,1620,480
1324,12,0,53636,6716,449,6510,0,1630,480
1325,12,0,53636,6664,449,6515,0,1630,480
1326,12,0,53636,6643,449,6520,0,1630,480
1327,12,0,53627,6626,449,6525,0,1630,480
1328,12,0,53599,6624,449,6530,0,1630,490
1329,12,0,53545,6624,449,6535,0,1630,490
1330,12,0,53457,6619,449,6540,0,1650,490
1331,12,0,53354,6616,449,6545,0,1650,490
1332,12,0,53223,6614,449,6550,0,1650,480
1333,12,0,53100,6617,449,6555,0,1650,480
1334,12,0,52992,6648,449,6560,0,1650,480
1335,12,0,52908,6682,449,6565,0,1650,480
1336,12,0,52849,6720,449,6570,0,1660,480
1337,12,0,52782,6759,449,6575,0,1660,480
1338,12,0,52707,6802,449,6580,0,1670,470
1339,12,0,52635,6847,449,6585,0,1670,470
1340,12,0,52564,6904,449,6590,0,1670,470
1341,12,0,52494,6963,449,6595,0,1680,470
1342,12,0,52425,7029,449,6600,0,1680,470
1343,12,0,52358,7094,449,6605,0,1680,470
1344,12,0,52296,7147,441,6610,0,1680,470
1345,12,0,52241,7197,429,6615,0,1690,460
1346,12,0,52196,7256,401,6620,0,1690,460
1347,12,0,52165,7302,381,6625,0,1690,460
1348,12,0,52163,7326,349,6630,0,1700,470
1349,12,0,52154,7405,320,6635,0,1700,470
1350,12,0,52167,7444,308,6640,0,1710,480
1351,12,0,52198,7492,300,6645,0,1720,480
1352,12,0,52232,7532,300,6650,0,1720,480
1353,12,0,52265,7562,308,6655,0,1740,470
1354,12,0,52292,7581,320,6660,0,1750,470
1355,12,0,52313,7584,320,6665,0,1760,470
1356,12,0,52329,7585,328,6670,0,1760,470
1357,12,0,52333,7585,320,6675,0,1770,480
1358,12,0,52336,7589,320,6679,0,1770,480
1359,12,0,52339,7589,308,6684,0,1770,470
1360,12,0,52345,7589,308,6689,0,1780,470
1361,12,0,52347,7585,300,6694,0,1780,470
1362,12,0,52347,7576,300,6699,0,1780,470
1363,12,0,52347,7564,300,6704,0,1790,470
1364,12,0,52347,7559,300,6709,0,1790,470
1365,12,0,52342,7542,300,6714,0,1790,470
1366,12,0,52328,7519,300,6719,0,1790,470
1367,12,0,52308,7484,308,6724,0,1790,470
1368,12,0,52273,7449,308,6729,0,1790,470
1369,12,0,52240,7409,308,6734,0,1790,470
1370,12,0,52202,7366,320,6739,0,1780,470
1371,12,0,52163,7322,308,6744,0,1780,470
1372,12,0,52124,7277,308,6749,0,1780,470
1373,12,0,52085,7230,308,6754,0,1780,470
1374,12,0,52048,7184,300,6759,0,1770,470
1375,12,0,52014,7138,300,6764,0,1770,470
1376,12,0,51978,7086,300,6769,0,1770,470
1377,12,0,51947,7036,288,6774,0,1770,470
1378,12,0,51922,6986,280,6779,0,1760,470
1379,12,0,51902,6940,268,6784,0,1760,470
1380,12,0,51899,6903,268,6789,0,1760,470
1381,12,0,51897,6864,260,6794,0,1760,470
1382,12,0,51894,6830,248,6799,0,1760,470
1383,12,0,51894,6800,240,6804,0,1760,470
1384,12,0,51899,6775,240,6809,0,1760,470
1385,12,0,51911,6760,228,6814,0,1760,470
1386,12,0,51925,6747,220,6819,0,1760,470
1387,12,0,51938,6738,208,6824,0,1760,480
1388,12,0,51942,6736,200,6829,0,1760,480
1389,12,0,51946,6736,188,6834,0,1760,480
1390,12,0,51953,6733,188,6839,0,1760,480
1391,12,0,51959,6733,180,6844,0,1750,490
1392,12,0,51961,6733,168,6849,0,1750,490
1393,12,0,51961,6734,168,6853,0,1750,490
1394,12,0,51961,6746,160,6858,0,1750,490
1395,12,0,51961,6755,160,6863,0,1770,490
1396,12,0,51961,6766,160,6868,0,1770,490
1397,12,0,51961,6777,160,6873,0,1770,490
1398,12,0,51961,6788,148,6878,0,1770,490
1399,12,0,51961,6798,148,6883,0,1770,490
1400,12,0,51961,6808,148,6888,0,1770,490
1401,12,0,51965,6817,148,6893,0,1770,490
1402,12,0,51970,6821,148,6898,0,1770,490
1403,12,0,51977,6830,140,6903,0,1770,490
1404,12,0,51983,6837,140,6908,0,1750,490
1405,12,0,51989,6843,140,6913,0,1750,490
1406,12,0,51994,6848,128,6918,0,1750,490
1407,12,0,51997,6851,120,6923,0,1750,500
1408,12,0,51997,6854,120,6928,0,1740,500
1409,12,0,51997,6857,108,6933,0,1740,500
1410,12,0,51997,6859,108,6938,0,1740,500
1411,12,0,51989,6861,100,6943,0,1740,500
1412,12,0,51978,6863,100,6948,0,1740,500
1413,12,0,51966,6866,88,6953,0,1740,500
1414,12,0,51952,6872,80,6958,0,1740,510
1415,12,0,51938,6876,68,6963,0,1740,510
1416,12,0,51923,6882,60,6968,0,1740,510
1417,12,0,51908,6889,48,6973,0,1740,510
1418,12,0,51894,6896,40,6978,0,1740,510
1419,12,0,51880,6904,28,6983,0,1740,510
1420,12,0,51868,6911,20,6988,0,1740,510
1421,12,0,51856,6920,20,6993,0,1740,520
1422,12,0,51844,6928,8,6998,0,1740,520
1423,12,0,51833,6935,0,7003,0,1740,520
1424,12,0,51823,6942,0,7008,0,1740,520
1425,12,0,51815,6946,0,7013,0,1730,530
1426,12,0,51803,6948,0,7018,0,1730,530
1427,12,0,51793,6949,0,7022,0,1730,530
1428,12,0,51784,6949,0,7027,0,1730,530
1429,12,0,51777,6949,0,7032,0,1720,540
1430,12,0,51776,6950,0,7037,0,1720,540
1431,13,1,51776,6951,0,7038,1376,1720,540
1432,13,1,51776,6951,0,7039,6512,1720,540
1433,13,1,51776,6952,0,7040,10828,1720,540
1434,13,1,51776,6952,0,7040,13253,1710,550
1435,13,1,51776,6952,0,7045,15393,1700,550
1436,13,1,51776,6953,0,7050,17021,1700,550
1437,13,1,51776,6953,0,7055,18185,1700,550
1438,13,1,51777,6953,0,7060,19085,1700,550
1439,13,1,51779,6953,0,7065,19821,1700,550
1440,13,1,51780,6953,0,7070,20493,1700,550
1441,13,1,51781,6953,0,7075,21189,1700,560
1442,13,1,51783,6953,0,7080,21785,1700,560
1443,13,1,51784,6953,0,7085,22270,1700,560
1444,13,1,51785,6953,0,7090,22658,1700,560
1445,13,1,51787,6953,0,7094,23094,1700,560
1446,13,1,51789,6953,0,7099,23518,1700,560
1447,13,1,51791,6953,0,7104,23830,1700,560
1448,13,1,51794,6953,0,7109,24038,1700,560
1449,13,1,51800,6953,0,7114,24158,1700,560
1450,13,1,51808,6949,0,7119,24254,1700,560
1451,13,1,51820,6943,0,7124,24362,1700,560
1452,13,1,51835,6937,0,7129,24518,1700,560
1453,13,1,51849,6932,0,7134,24594,1700,560
1454,13,1,51862,6926,0,7139,24594,1700,560
1455,13,1,51874,6920,0,7144,24594,1710,560
1456,13,1,51885,6913,0,7149,24598,1710,560
1457,13,1,51895,6905,0,7154,24606,1710,560
1458,13,1,51904,6897,0,7159,24618,1710,560
1459,13,1,51914,6888,0,7164,24702,1710,560
1460,13,1,51922,6878,0,7169,24762,1710,560
1461,13,1,51930,6869,0,7174,24814,1710,560
1462,13,1,51936,6860,0,7179,24822,1710,560
1463,13,1,51941,6851,0,7184,24822,1710,560
1464,13,1,51945,6842,0,7189,24818,1710,560
1465,13,1,51948,6832,0,7194,24742,1710,560
1466,13,1,51950,6821,0,7199,24658,1710,560
1467,13,1,51950,6808,0,7204,24598,1710,570
1468,13,1,51950,6795,0,7209,24510,1710,570
1469,13,1,51950,6779,0,7214,24450,1710,570
1470,13,1,51950,6763,0,7219,24446,1710,570
1471,13,1,51948,6744,0,7224,24442,1710,570
1472,13,1,51940,6724,0,7229,24430,1710,570
1473,13,1,51931,6702,0,7234,24366,1710,570
1474,13,1,51920,6678,0,7239,24366,1710,570
1475,13,1,51906,6654,0,7244,24474,1710,570
1476,13,1,51889,6629,0,7249,24486,1700,580
1477,13,1,51868,6604,0,7254,24534,1700,580
1478,13,1,51843,6579,0,7259,24670,1700,580
1479,13,1,51815,6555,0,7264,24682,1700,580
1480,13,1,51784,6533,0,7268,24682,1700,580
1481,13,1,51752,6514,0,7273,24434,1700,580
1482,13,1,51721,6499,0,7278,24026,1690,580
1483,13,1,51690,6488,0,7283,23446,1690,580
1484,13,1,51659,6480,0,7288,22706,1690,580
1485,13,1,51628,6476,0,7293,21809,1690,580
1486,13,1,51598,6476,0,7298,20361,1670,570
1487,13,1,51571,6476,0,7303,17717,1670,570
1488,13,1,51549,6478,0,7308,12765,1670,570
1489,13,1,51535,6495,0,7313,6348,1670,570
1490,13,1,51527,6511,0,7318,1,1670,570
1491,14,0,51527,6511,0,7323,0,1660,570
1492,14,0,51524,6540,0,7328,0,1660,560
1493,14,0,51524,6545,0,7333,0,1660,560
1494,14,0,51526,6552,8,7338,0,1660,560
1495,14,0,51531,6558,8,7343,0,1660,560
1496,14,0,51535,6563,20,7348,0,1670,550
1497,14,0,51540,6569,28,7353,0,1670,550
1498,14,0,51544,6575,28,7358,0,1670,550
1499,14,0,51547,6581,40,7363,0,1670,550
1500,14,0,51552,6589,40,7368,0,1670,540
1501,14,0,51556,6598,48,7373,0,1670,540
1502,14,0,51560,6609,48,7378,0,1670,540
1503,14,0,51563,6621,60,7383,0,1670,540
1504,14,0,51565,6634,60,7388,0,1680,530
1505,14,0,51565,6648,68,7393,0,1680,530
1506,14,0,51565,6661,68,7398,0,1680,530
1507,14,0,51565,6674,68,7403,0,1680,530
1508,14,0,51565,6687,60,7408,0,1680,530
1509,14,0,51565,6699,60,7413,0,1680,530
1510,14,0,51565,6711,60,7418,0,1680,530
1511,14,0,51565,6723,48,7423,0,1680,530
1512,14,0,51565,6735,48,7428,0,1680,530
1513,14,0,51565,6746,40,7433,0,1680,530
1514,14,0,51565,6757,40,7437,0,1680,530
1515,14,0,51568,6767,28,7442,0,1680,530
1516,14,0,51570,6775,20,7447,0,1680,530
1517,14,0,51573,6784,8,7452,0,1680,530
1518,14,0,51575,6793,8,7457,0,1680,530
1519,14,0,51578,6803,0,7462,0,1680,530
1520,14,0,51581,6814,0,7467,0,1680,530
1521,14,0,51585,6825,0,7472,0,1680,530
1522,14,0,51595,6846,0,7477,0,1680,530
1523,14,0,51605,6865,0,7482,0,1670,540
1524,14,0,51615,6883,0,7487,0,1670,540
1525,14,0,51625,6899,0,7492,0,1670,540
1526,14,0,51629,6904,0,7497,0,1670,540
1527,14,0,51634,6909,0,7502,0,1670,540
1528,15,1,51638,6913,0,7503,1072,1670,540
1529,15,1,51641,6916,0,7508,7124,1670,540
1530,15,1,51642,6917,0,7513,11777,1670,540
1531,15,1,51643,6917,0,7518,14353,1670,550
1532,15,1,51643,6917,0,7523,16417,1670,550
1533,15,1,51643,6917,0,7528,17849,1670,550
1534,15,1,51643,6917,0,7533,18837,1670,550
1535,15,1,51643,6917,0,7538,19621,1670,550
1536,15,1,51643,6917,0,7543,20321,1670,550
1537,15,1,51643,6916,0,7548,20917,1670,550
1538,15,1,51643,6916,0,7553,21441,1670,550
1539,15,1,51643,6916,0,7558,21914,1670,550
1540,15,1,51643,6916,0,7563,22326,1670,550
1541,15,1,51643,6914,0,7568,22666,1670,550
1542,15,1,51643,6912,0,7573,22922,1670,550
1543,15,1,51643,6909,0,7578,23102,1670,550
1544,15,1,51643,6906,0,7583,23306,1670,550
1545,15,1,51643,6905,0,7588,23538,1660,560
1546,15,1,51643,6904,0,7593,23910,1660,560
1547,15,1,51643,6903,0,7598,24370,1660,560
1548,15,1,51643,6902,0,7603,24650,1660,560
1549,15,1,51643,6901,0,7608,24858,1660,560
1550,15,1,51643,6901,0,7613,24990,1660,560
1551,15,1,51643,6901,0,7618,25086,1660,560
1552,15,1,51643,6901,0,7623,25146,1660,560
1553,15,1,51643,6901,0,7628,25154,1660,560
1554,15,1,51643,6901,0,7632,25202,1660,560
1555,15,1,51642,6901,0,7637,25210,1660,560
1556,15,1,51641,6901,0,7642,25218,1660,560
1557,15,1,51641,6901,0,7647,25226,1660,560
1558,15,1,51641,6901,0,7652,25230,1660,560
1559,15,1,51641,6901,0,7657,25234,1660,560
1560,15,1,51641,6901,0,7662,25234,1660,560
1561,15,1,51640,6901,0,7667,25230,1660,560
1562,15,1,51640,6901,0,7672,25218,1660,560
1563,15,1,51639,6901,0,7677,25122,1660,560
1564,15,1,51638,6901,0,7682,25014,1660,560
1565,15,1,51638,6901,0,7687,24918,1660,560
1566,15,1,51638,6901,0,7692,24810,1660,560
1567,15,1,51638,6901,0,7697,24674,1660,560
1568,15,1,51637,6901,0,7702,24578,1660,560
1569,15,1,51637,6901,0,7707,24478,1660,560
1570,15,1,51636,6901,0,7712,24346,1660,560
1571,15,1,51636,6901,0,7717,24202,1660,560
1572,15,1,51636,6901,0,7722,24034,1660,560
1573,15,1,51636,6901,0,7727,23814,1660,560
1574,15,1,51635,6901,0,7732,23586,1660,560
1575,15,1,51635,6901,0,7737,23306,1660,560
1576,15,1,51635,6901,0,7742,22994,1660,560
1577,15,1,51634,6902,0,7747,22606,1660,560
1578,15,1,51634,6904,0,7752,21986,1660,560
1579,15,1,51634,6905,0,7757,21013,1660,560
1580,15,1,51634,6905,0,7762,19365,1660,560
1581,15,1,51634,6905,0,7767,16593,1660,560
1582,15,1,51634,6905,0,7772,11413,1660,560
1583,15,1,51637,6905,0,7777,5448,1660,560
1584,16,0,51637,6905,0,7782,0,1660,560
1585,16,0,51652,6905,0,7787,0,1670,550
1586,16,0,51661,6905,0,7792,0,1670,550
1587,16,0,51667,6904,8,7797,0,1670,550
1588,16,0,51677,6899,28,7802,0,1670,540
1589,16,0,51686,6894,48,7806,0,1670,540
1590,16,0,51697,6887,80,7811,0,1680,530
1591,16,0,51707,6877,100,7816,0,1680,530
1592,16,0,51718,6866,128,7821,0,1680,520
1593,16,0,51730,6853,160,7826,0,1680,520
1594,16,0,51743,6839,188,7831,0,1680,520
1595,16,0,51756,6825,212,7836,0,1690,510
1596,16,0,51770,6811,220,7841,0,1690,510
1597,16,0,51784,6796,240,7846,0,1690,510
1598,16,0,51797,6781,240,7851,0,1690,510
1599,16,0,51814,6764,252,7856,0,1690,510
1600,16,0,51834,6745,252,7861,0,1690,500
1601,16,0,51856,6723,260,7866,0,1690,500
1602,16,0,51880,6699,252,7871,0,1690,500
1603,16,0,51904,6675,252,7876,0,1690,500
1604,16,0,51931,6648,252,7881,0,1700,510
1605,16,0,51957,6623,240,7886,0,1700,510
1606,16,0,51982,6600,232,7891,0,1700,510
1607,16,0,52007,6577,220,7896,0,1700,510
1608,16,0,52027,6561,200,7901,0,1700,510
1609,16,0,52044,6556,188,7906,0,1700,510
1610,16,0,52060,6545,168,7911,0,1710,510
1611,16,0,52070,6538,160,7916,0,1710,510
1612,16,0,52073,6536,140,7921,0,1710,510
1613,16,0,52079,6536,128,7926,0,1710,510
1614,16,0,52083,6536,120,7931,0,1710,510
1615,16,0,52084,6543,108,7936,0,1710,510
1616,16,0,52084,6552,108,7941,0,1710,510
1617,16,0,52084,6562,100,7946,0,1710,520
1618,16,0,52084,6573,100,7951,0,1710,520
1619,16,0,52080,6586,88,7956,0,1710,520
1620,16,0,52070,6600,80,7961,0,1710,520
1621,16,0,52063,6612,80,7966,0,1710,520
1622,16,0,52055,6625,68,7971,0,1710,520
1623,16,0,52049,6635,60,7975,0,1710,520
1624,16,0,52042,6645,60,7980,0,1710,520
1625,16,0,52036,6656,48,7985,0,1710,520
1626,16,0,52029,6665,48,7990,0,1710,520
1627,16,0,52022,6676,40,7995,0,1710,530
1628,16,0,52015,6686,40,8000,0,1710,530
1629,16,0,52009,6696,28,8005,0,1710,530
1630,16,0,52002,6706,28,8010,0,1710,530
1631,16,0,51996,6715,28,8015,0,1710,530
1632,16,0,51991,6723,20,8020,0,1710,530
1633,16,0,51986,6732,20,8025,0,1710,530
1634,16,0,51981,6740,20,8030,0,1710,530
1635,16,0,51976,6748,8,8035,0,1710,530
1636,16,0,51972,6756,8,8040,0,1710,530
1637,16,0,51968,6763,8,8045,0,1710,530
1638,16,0,51964,6771,8,8050,0,1710,530
1639,16,0,51960,6778,8,8055,0,1710,530
1640,16,0,51957,6784,8,8060,0,1710,530
1641,16,0,51953,6790,8,8065,0,1710,530
1642,16,0,51948,6797,0,8070,0,1710,530
1643,16,0,51944,6804,0,8075,0,1710,530
1644,16,0,51940,6810,0,8080,0,1710,530
1645,16,0,51935,6817,0,8085,0,1710,530
1646,16,0,51931,6823,0,8090,0,1710,530
1647,16,0,51927,6829,0,8095,0,1710,530
1648,16,0,51923,6835,0,8100,0,1700,540
1649,16,0,51920,6842,0,8105,0,1700,540
1650,16,0,51916,6848,0,8110,0,1700,540
1651,16,0,51913,6855,0,8115,0,1700,540
1652,16,0,51910,6862,0,8120,0,1700,540
1653,16,0,51905,6876,0,8125,0,1700,540
1654,16,0,51901,6889,0,8130,0,1700,540
1655,16,0,51896,6900,0,8135,0,1700,540
1656,16,0,51891,6910,0,8140,0,1700,540
1657,16,0,51888,6913,0,8145,0,1700,540
1658,16,0,51883,6916,0,8149,0,1700,540
1659,16,0,51879,6922,0,8154,0,1700,540
1660,17,1,51874,6927,0,8155,316,1700,540
1661,17,1,51870,6932,0,8155,4636,1700,540
1662,17,1,51867,6936,0,8159,7096,1700,540
1663,17,1,51864,6939,0,8164,9216,1700,550
1664,17,1,51862,6941,0,8169,10628,1700,550
1665,17,1,51861,6943,0,8174,11529,1700,550
1666,17,1,51860,6944,0,8179,12145,1700,550
1667,17,1,51860,6944,0,8184,12541,1700,550
1668,17,1,51860,6944,0,8189,12837,1700,550
1669,17,1,51860,6944,0,8194,13053,1700,550
1670,17,1,51860,6944,0,8199,13281,1700,550
1671,17,1,51860,6944,0,8204,13613,1700,550
1672,17,1,51860,6944,0,8209,14237,1700,550
1673,17,1,51860,6944,0,8214,15185,1700,550
1674,17,1,51860,6944,0,8219,16253,1700,550
1675,17,1,51860,6944,0,8224,17297,1700,550
1676,17,1,51860,6944,0,8229,18289,1700,550
1677,17,1,51860,6944,0,8234,19189,1700,550
1678,17,1,51860,6943,0,8239,20069,1700,550
1679,17,1,51860,6943,0,8244,20901,1700,550
1680,17,1,51860,6942,0,8249,21653,1700,550
1681,17,1,51860,6942,0,8254,22238,1700,550
1682,17,1,51860,6942,0,8259,22674,1700,550
1683,17,1,51861,6942,0,8264,23026,1700,550
1684,17,1,51863,6942,0,8269,23278,1700,550
1685,17,1,51864,6942,0,8274,23474,1700,550
1686,17,1,51865,6942,0,8279,23666,1700,550
1687,17,1,51866,6942,0,8284,23798,1700,560
1688,17,1,51867,6942,0,8289,23918,1700,560
1689,17,1,51868,6941,0,8294,24030,1700,560
1690,17,1,51869,6939,0,8299,24198,1700,560
1691,17,1,51870,6938,0,8304,24342,1700,560
1692,17,1,51871,6936,0,8309,24486,1700,560
1693,17,1,51872,6934,0,8314,24670,1710,560
1694,17,1,51874,6932,0,8319,24842,1710,560
1695,17,1,51876,6930,0,8324,24938,1710,560
1696,17,1,51880,6925,0,8329,24998,1710,560
1697,17,1,51885,6918,0,8333,25130,1710,560
1698,17,1,51891,6909,0,8338,25310,1710,560
1699,17,1,51899,6897,0,8343,25478,1720,570
1700,17,1,51906,6884,0,8348,25718,1720,570
1701,17,1,51913,6871,0,8353,25902,1720,570
1702,17,1,51920,6858,0,8358,25986,1720,570
1703,17,1,51927,6846,0,8363,25998,1720,570
1704,17,1,51933,6835,0,8368,26006,1720,570
1705,17,1,51939,6824,0,8373,26006,1720,570
1706,17,1,51943,6813,0,8378,26002,1720,570
1707,17,1,51946,6803,0,8383,26002,1720,570
1708,17,1,51949,6793,0,8388,26006,1720,570
1709,17,1,51950,6786,0,8393,26006,1720,570
1710,17,1,51951,6779,0,8398,26010,1720,570
1711,17,1,51952,6772,0,8403,26022,1720,570
1712,17,1,51953,6764,0,8408,26034,1720,570
1713,17,1,51953,6755,0,8413,26094,1720,570
1714,17,1,51954,6747,0,8418,26098,1720,570
1715,17,1,51954,6737,0,8423,26110,1720,570
1716,17,1,51954,6727,0,8428,26158,1720,570
1717,17,1,51954,6716,0,8433,26218,1720,570
1718,17,1,51954,6703,0,8438,26314,1720,570
1719,17,1,51954,6690,0,8443,26398,1720,570
1720,17,1,51951,6676,0,8448,26410,1720,570
1721,17,1,51947,6662,0,8453,26470,1720,580
1722,17,1,51943,6649,0,8458,26474,1720,580
1723,17,1,51938,6635,0,8463,26482,1720,580
1724,17,1,51933,6622,0,8468,26490,1720,580
1725,17,1,51927,6610,0,8473,26538,1720,580
1726,17,1,51920,6597,0,8478,26550,1720,580
1727,17,1,51911,6584,0,8483,26562,1720,580
1728,17,1,51900,6570,0,8488,26610,1720,580
1729,17,1,51887,6554,0,8493,26658,1720,580
1730,17,1,51872,6537,0,8498,26666,1720,580
1731,17,1,51855,6519,0,8502,26726,1720,580
1732,17,1,51838,6501,0,8507,26738,1720,580
1733,17,1,51822,6485,0,8512,26750,1720,580
1734,17,1,51808,6469,0,8517,26758,1720,580
1735,17,1,51794,6455,0,8522,26770,1720,580
1736,17,1,51779,6441,0,8527,26830,1720,580
1737,17,1,51762,6426,0,8532,26830,1720,580
1738,17,1,51745,6412,0,8537,26842,1720,580
1739,17,1,51728,6401,0,8542,26902,1720,580
1740,17,1,51714,6391,0,8547,26906,1720,580
1741,17,1,51701,6385,0,8552,26918,1720,580
1742,17,1,51691,6382,0,8557,27002,1720,580
1743,17,1,51681,6379,0,8562,27074,1720,580
1744,17,1,51671,6377,0,8567,27158,1700,580
1745,17,1,51657,6377,0,8572,27350,1700,580
1746,17,1,51640,6377,0,8577,27518,1700,580
1747,17,1,51616,6377,0,8582,27602,1700,580
1748,17,1,51588,6377,0,8587,27662,1690,580
1749,17,1,51559,6377,0,8592,27662,1690,580
1750,17,1,51530,6380,0,8597,27662,1690,580
1751,17,1,51503,6383,0,8602,27662,1690,580
1752,17,1,51480,6387,0,8607,27666,1670,570
1753,17,1,51459,6391,0,8612,27674,1670,570
1754,17,1,51440,6395,0,8617,27722,1670,570
1755,17,1,51423,6399,0,8622,27726,1670,570
1756,17,1,51409,6403,0,8627,27726,1660,570
1757,17,1,51397,6407,0,8632,27734,1660,570
1758,17,1,51387,6411,0,8637,27746,1660,570
1759,17,1,51379,6417,0,8642,27758,1660,570
1760,17,1,51372,6424,0,8647,27770,1640,570
1761,17,1,51366,6433,0,8652,27846,1640,570
1762,17,1,51360,6441,0,8657,27918,1640,570
1763,17,1,51354,6448,0,8662,27978,1640,570
1764,17,1,51349,6455,0,8667,27990,1640,570
1765,17,1,51343,6460,0,8672,28074,1640,570
1766,17,1,51338,6466,0,8676,28086,1640,570
1767,17,1,51333,6471,0,8681,28098,1640,570
1768,17,1,51329,6475,0,8686,28110,1640,570
1769,17,1,51324,6479,0,8691,28158,1640,570
1770,17,1,51321,6481,0,8696,28158,1640,570
1771,17,1,51317,6482,0,8701,28158,1630,570
1772,17,1,51314,6482,0,8706,28150,1630,570
1773,17,1,51310,6482,0,8711,28090,1630,570
1774,17,1,51307,6482,0,8716,28042,1630,570
1775,17,1,51303,6482,0,8721,27994,1630,570
1776,17,1,51299,6484,0,8726,27922,1630,570
1777,17,1,51295,6485,0,8731,27826,1630,570
1778,17,1,51290,6486,0,8736,27714,1630,570
1779,17,1,51283,6486,0,8741,27594,1630,570
1780,17,1,51275,6486,0,8746,27522,1630,570
1781,17,1,51266,6486,0,8751,27462,1630,570
1782,17,1,51255,6482,0,8756,27450,1630,570
1783,17,1,51245,6476,0,8761,27438,1630,570
1784,17,1,51234,6470,0,8766,27434,1630,570
1785,17,1,51224,6463,0,8771,27430,1630,570
1786,17,1,51213,6453,0,8776,27430,1630,570
1787,17,1,51201,6441,0,8781,27430,1630,570
1788,17,1,51188,6427,0,8786,27438,1630,570
1789,17,1,51172,6410,0,8791,27446,1630,570
1790,17,1,51154,6391,0,8796,27446,1630,570
1791,17,1,51135,6369,0,8801,27446,1610,570
1792,17,1,51113,6347,0,8806,27434,1610,570
1793,17,1,51090,6324,0,8811,27434,1610,570
1794,17,1,51068,6302,0,8816,27434,1610,570
1795,17,1,51048,6282,0,8821,27370,1610,570
1796,17,1,51032,6265,0,8826,27226,1610,570
1797,17,1,51019,6251,0,8831,26794,1610,570
1798,17,1,51010,6241,0,8836,26206,1610,570
1799,17,1,51004,6234,0,8841,25278,1610,570
1800,17,1,51000,6228,0,8845,23646,1610,570
1801,17,1,51000,6225,0,8850,19905,1610,570
1802,17,1,51000,6223,0,8855,13869,1610,570
1803,17,1,51008,6222,0,8860,4744,1610,570
1804,18,0,51008,6222,0,8865,0,1610,570
1805,18,0,51031,6221,0,8870,0,1610,570
1806,18,0,51040,6217,16,8875,0,1610,570
1807,18,0,51052,6212,36,8880,0,1620,560
1808,18,0,51067,6206,56,8885,0,1620,560
1809,18,0,51083,6197,76,8890,0,1620,560
1810,18,0,51101,6187,108,8895,0,1620,560
1811,18,0,51118,6174,136,8900,0,1630,550
1812,18,0,51134,6159,156,8905,0,1610,550
1813,18,0,51149,6143,188,8910,0,1610,550
1814,18,0,51163,6125,196,8915,0,1610,550
1815,18,0,51175,6107,204,8920,0,1610,550
1816,18,0,51186,6089,216,8925,0,1620,540
1817,18,0,51200,6069,224,8930,0,1600,530
1818,18,0,51217,6045,224,8935,0,1600,530
1819,18,0,51236,6019,224,8940,0,1600,530
1820,18,0,51258,5989,224,8945,0,1600,530
1821,18,0,51280,5954,224,8950,0,1600,530
1822,18,0,51300,5920,216,8955,0,1600,530
1823,18,0,51318,5888,204,8960,0,1600,530
1824,18,0,51335,5854,188,8965,0,1600,530
1825,18,0,51348,5829,176,8970,0,1600,530
1826,18,0,51361,5806,156,8975,0,1600,530
1827,18,0,51373,5788,136,8980,0,1600,530
1828,18,0,51378,5784,128,8985,0,1620,540
1829,18,0,51388,5776,108,8990,0,1620,540
1830,18,0,51401,5773,96,8995,0,1620,540
1831,18,0,51405,5773,88,9000,0,1610,550
1832,18,0,51417,5777,68,9005,0,1610,550
1833,18,0,51424,5790,56,9010,0,1610,550
1834,18,0,51432,5805,36,9015,0,1630,550
1835,18,0,51440,5826,28,9019,0,1620,560
1836,18,0,51449,5847,16,9024,0,1620,560
1837,18,0,51465,5887,0,9029,0,1620,560
1838,18,0,51480,5924,0,9034,0,1620,560
1839,18,0,51493,5953,0,9039,0,1620,560
1840,18,0,51504,5977,0,9044,0,1630,570
1841,19,1,51506,5979,0,9053,632,1630,570
1842,19,1,51507,5979,0,9057,11521,1630,570
1843,19,1,51507,5979,0,9062,17713,1630,570
1844,19,1,51508,5979,0,9067,20601,1640,580
1845,19,1,51509,5979,0,9072,22654,1640,580
1846,19,1,51510,5977,0,9077,24010,1640,580
1847,19,1,51511,5975,0,9082,24918,1640,580
1848,19,1,51512,5974,0,9087,25482,1650,580
1849,19,1,51513,5974,0,9092,25782,1650,580
1850,19,1,51514,5974,0,9097,25930,1650,580
1851,19,1,51515,5974,0,9102,25930,1650,580
1852,19,1,51516,5974,0,9107,25890,1670,580
1853,19,1,51517,5974,0,9112,25790,1670,580
1854,19,1,51520,5974,0,9117,25694,1670,580
1855,19,1,51526,5974,0,9122,25418,1670,580
1856,19,1,51536,5974,0,9127,24778,1680,580
1857,19,1,51550,5974,0,9132,24054,1680,580
1858,19,1,51567,5975,0,9137,22322,1680,580
1859,19,1,51584,5979,0,9142,17941,1680,580
1860,19,1,51600,5988,0,9147,11065,1700,590
1861,19,1,51611,5996,0,9152,1828,1700,590
1862,20,0,51611,5996,0,9157,0,1700,580
1863,20,0,51623,6006,0,9162,0,1700,580
1864,20,0,51624,6006,8,9167,0,1700,580
1865,20,0,51625,6006,20,9172,0,1700,580
1866,20,0,51625,6006,40,9177,0,1710,570
1867,20,0,51626,6005,60,9182,0,1690,570
1868,20,0,51626,6001,80,9187,0,1690,570
1869,20,0,51626,5998,100,9192,0,1690,570
1870,20,0,51626,5993,120,9197,0,1700,560
1871,20,0,51626,5988,140,9202,0,1680,550
1872,20,0,51626,5984,160,9207,0,1680,550
1873,20,0,51626,5982,188,9212,0,1680,550
1874,20,0,51625,5978,208,9217,0,1690,540
1875,20,0,51619,5975,228,9222,0,1670,540
1876,20,0,51608,5972,240,9227,0,1670,540
1877,20,0,51592,5970,248,9231,0,1670,540
1878,20,0,51578,5969,260,9236,0,1680,530
1879,20,0,51561,5967,268,9241,0,1660,530
1880,20,0,51542,5965,280,9246,0,1660,530
1881,20,0,51522,5965,288,9251,0,1660,530
1882,20,0,51499,5965,288,9256,0,1660,530
1883,20,0,51471,5965,288,9261,0,1660,530
1884,20,0,51439,5965,288,9266,0,1660,530
1885,20,0,51404,5969,288,9271,0,1660,530
1886,20,0,51367,5981,280,9276,0,1660,530
1887,20,0,51332,5997,280,9281,0,1660,530
1888,20,0,51296,6017,280,9286,0,1660,530
1889,20,0,51259,6031,268,9291,0,1660,530
1890,20,0,51221,6046,268,9296,0,1660,530
1891,20,0,51182,6062,260,9301,0,1660,530
1892,20,0,51137,6081,260,9306,0,1660,530
1893,20,0,51091,6100,248,9311,0,1660,530
1894,20,0,51044,6119,248,9316,0,1660,530
1895,20,0,50997,6138,240,9321,0,1660,530
1896,20,0,50953,6154,240,9326,0,1660,530
1897,20,0,50909,6171,228,9331,0,1660,530
1898,20,0,50860,6188,220,9336,0,1660,530
1899,20,0,50813,6206,208,9341,0,1670,520
1900,20,0,50768,6225,208,9346,0,1670,520
1901,20,0,50726,6244,200,9351,0,1670,520
1902,20,0,50694,6263,188,9356,0,1670,520
1903,20,0,50665,6281,188,9361,0,1670,520
1904,20,0,50638,6303,180,9366,0,1670,520
1905,20,0,50616,6326,168,9371,0,1670,520
1906,20,0,50599,6349,168,9376,0,1680,520
1907,20,0,50596,6372,160,9381,0,1680,520
1908,20,0,50588,6393,160,9386,0,1680,520
1909,20,0,50588,6414,148,9391,0,1680,520
1910,20,0,50588,6435,140,9396,0,1680,520
1911,20,0,50588,6458,140,9400,0,1680,520
1912,20,0,50593,6481,128,9405,0,1680,520
1913,20,0,50599,6503,120,9410,0,1680,520
1914,20,0,50606,6525,120,9415,0,1680,520
1915,20,0,50613,6544,108,9420,0,1680,520
1916,20,0,50619,6564,108,9425,0,1680,520
1917,20,0,50626,6586,100,9430,0,1680,520
1918,20,0,50633,6611,100,9435,0,1680,520
1919,20,0,50645,6635,88,9440,0,1680,520
1920,20,0,50654,6660,80,9445,0,1680,520
1921,20,0,50663,6685,68,9450,0,1680,520
1922,20,0,50671,6706,68,9455,0,1680,520
1923,20,0,50679,6727,60,9460,0,1680,520
1924,20,0,50688,6747,60,9465,0,1680,520
1925,20,0,50697,6769,48,9470,0,1680,520
1926,20,0,50707,6788,48,9475,0,1680,520
1927,20,0,50716,6806,48,9480,0,1680,520
1928,20,0,50725,6823,40,9485,0,1680,520
1929,20,0,50732,6836,40,9490,0,1680,530
1930,20,0,50737,6849,28,9495,0,1680,530
1931,20,0,50742,6862,28,9500,0,1680,530
1932,20,0,50746,6873,20,9505,0,1680,530
1933,20,0,50749,6883,20,9510,0,1680,530
1934,20,0,50751,6893,20,9515,0,1680,530
1935,20,0,50752,6902,20,9520,0,1690,530
1936,20,0,50752,6910,20,9525,0,1690,530
1937,20,0,50752,6919,8,9530,0,1690,530
1938,20,0,50752,6927,8,9535,0,1690,530
1939,20,0,50752,6935,8,9540,0,1690,530
1940,20,0,50752,6942,8,9545,0,1690,530
1941,20,0,50749,6947,0,9550,0,1690,530
1942,20,0,50745,6951,0,9555,0,1690,530
1943,20,0,50741,6954,0,9560,0,1690,530
1944,20,0,50736,6957,0,9565,0,1690,530
1945,20,0,50731,6958,0,9570,0,1690,530
1946,20,0,50725,6959,0,9574,0,1690,530
1947,20,0,50719,6959,0,9579,0,1690,530
1948,20,0,50714,6959,0,9584,0,1690,530
1949,20,0,50708,6959,0,9589,0,1690,530
1950,20,0,50702,6959,0,9594,0,1690,530
1951,20,0,50696,6959,0,9599,0,1690,530
1952,20,0,50691,6959,0,9604,0,1690,530
1953,20,0,50685,6958,0,9609,0,1690,530
1954,20,0,50679,6956,0,9614,0,1690,530
1955,20,0,50674,6954,0,9619,0,1690,530
1956,20,0,50670,6952,0,9624,0,1690,530
1957,20,0,50665,6950,0,9629,0,1690,530
1958,20,0,50662,6948,0,9634,0,1690,530
1959,20,0,50659,6947,0,9639,0,1690,530
1960,20,0,50657,6947,0,9644,0,1690,530
1961,20,0,50655,6946,0,9649,0,1690,530
1962,20,0,50654,6945,0,9654,0,1690,530
1963,20,0,50653,6945,0,9659,0,1690,530
1964,20,0,50653,6944,0,9664,0,1690,530
1965,20,0,50652,6944,0,9669,0,1690,540
1966,20,0,50652,6944,0,9674,0,1690,540
1967,20,0,50651,6944,0,9679,0,1690,530
1968,20,0,50651,6944,0,9684,0,1690,530
1969,20,0,50650,6944,0,9689,0,1690,530
1970,20,0,50649,6944,0,9694,0,1690,530
1971,20,0,50648,6946,0,9699,0,1690,540
1972,20,0,50647,6948,0,9704,0,1690,540
1973,20,0,50645,6951,0,9709,0,1690,540
1974,20,0,50643,6954,0,9714,0,1690,540
1975,20,0,50642,6956,0,9719,0,1690,540
1976,20,0,50640,6959,0,9724,0,1690,540
1977,20,0,50639,6962,0,9729,0,1690,540
1978,20,0,50638,6965,0,9734,0,1690,540
1979,20,0,50637,6968,0,9739,0,1690,540
1980,20,0,50636,6970,0,9743,0,1690,540
1981,20,0,50636,6971,0,9748,0,1690,540
1982,20,0,50635,6972,0,9753,0,1690,540
1983,20,0,50633,6972,0,9758,0,1690,540
1984,20,0,50632,6972,0,9763,0,1690,540
1985,20,0,50629,6972,0,9768,0,1690,540
1986,20,0,50627,6972,0,9773,0,1690,540
1987,20,0,50623,6972,0,9778,0,1690,540
1988,20,0,50618,6972,0,9783,0,1690,540
1989,20,0,50615,6972,0,9788,0,1690,540
1990,20,0,50612,6971,0,9793,0,1690,540
1991,20,0,50612,6971,0,9798,0,1690,540
1992,20,0,50612,6971,0,9803,0,1690,540
1993,20,0,50612,6971,0,9808,0,1690,540
1994,20,0,50612,6971,0,9813,0,1690,540
1995,21,1,50612,6971,0,9815,84,1680,550
1996,21,1,50612,6971,0,9820,1088,1680,550
1997,21,1,50612,6974,0,9825,6060,1680,550
1998,21,1,50612,6976,0,9830,9940,1680,550
1999,21,1,50612,6977,0,9835,12081,1680,550
2000,21,1,50612,6977,0,9840,13933,1680,550
2001,21,1,50612,6977,0,9845,15425,1680,550
2002,21,1,50612,6977,0,9850,16625,1680,550
2003,21,1,50612,6977,0,9855,17609,1680,550
2004,21,1,50612,6977,0,9860,18389,1680,550
2005,21,1,50612,6977,0,9865,18993,1680,550
2006,21,1,50612,6977,0,9870,19445,1680,550
2007,21,1,50612,6977,0,9875,19765,1680,560
2008,21,1,50612,6977,0,9880,20009,1680,560
2009,21,1,50612,6977,0,9885,20157,1680,560
2010,21,1,50612,6977,0,9890,20229,1680,560
2011,21,1,50612,6976,0,9895,20329,1680,560
2012,21,1,50612,6975,0,9900,20425,1680,560
2013,21,1,50612,6974,0,9905,20597,1680,560
2014,21,1,50612,6973,0,9910,20865,1680,560
2015,21,1,50613,6973,0,9915,21509,1680,560
2016,21,1,50613,6973,0,9920,22094,1680,560
2017,21,1,50614,6973,0,9925,22590,1680,560
2018,21,1,50614,6973,0,9930,23086,1680,560
2019,21,1,50615,6973,0,9934,23618,1680,560
2020,21,1,50615,6973,0,9939,24042,1680,560
2021,21,1,50615,6973,0,9944,24414,1680,560
2022,21,1,50615,6973,0,9949,24730,1680,560
2023,21,1,50615,6972,0,9954,24986,1680,560
2024,21,1,50615,6970,0,9959,25130,1680,560
2025,21,1,50615,6970,0,9964,25190,1680,560
2026,21,1,50615,6970,0,9969,25202,1680,560
2027,21,1,50615,6970,0,9974,25206,1680,560
2028,21,1,50615,6970,0,9979,25214,1680,560
2029,21,1,50615,6970,0,9984,25262,1680,560
2030,21,1,50615,6970,0,9989,25310,1680,560
2031,21,1,50615,6970,0,9994,25382,1680,560
2032,21,1,50615,6970,0,9999,25490,1680,560
2033,21,1,50615,6970,0,10004,25610,1680,560
2034,21,1,50615,6970,0,10009,25694,1680,560
2035,21,1,50616,6970,0,10014,25766,1680,560
2036,21,1,50617,6970,0,10019,25814,1680,560
2037,21,1,50617,6970,0,10024,25826,1680,560
2038,21,1,50617,6970,0,10029,25838,1680,560
2039,21,1,50618,6970,0,10034,25850,1680,560
2040,21,1,50618,6970,0,10039,25866,1680,560
2041,21,1,50618,6969,0,10044,25870,1680,560
2042,21,1,50618,6969,0,10049,25870,1680,560
2043,21,1,50618,6969,0,10054,25806,1680,560
2044,21,1,50618,6969,0,10059,25746,1680,560
2045,21,1,50618,6968,0,10064,25698,1680,560
2046,21,1,50618,6967,0,10069,25690,1680,560
2047,21,1,50618,6966,0,10074,25642,1680,560
2048,21,1,50618,6966,0,10079,25630,1680,560
2049,21,1,50618,6966,0,10084,25630,1680,560
2050,21,1,50618,6966,0,10089,25630,1680,560
2051,21,1,50618,6966,0,10094,25678,1680,560
2052,21,1,50618,6966,0,10099,25726,1680,560
2053,21,1,50619,6966,0,10104,25786,1680,560
2054,21,1,50619,6964,0,10108,25834,1680,560
2055,21,1,50619,6963,0,10113,25886,1680,560
2056,21,1,50620,6962,0,10118,25890,1680,560
2057,21,1,50620,6961,0,10123,25894,1680,560
2058,21,1,50620,6961,0,10128,25894,1680,560
2059,21,1,50621,6961,0,10133,25882,1680,560
2060,21,1,50621,6961,0,10138,25806,1680,560
2061,21,1,50622,6961,0,10143,25746,1680,560
2062,21,1,50623,6961,0,10148,25686,1680,560
2063,21,1,50626,6961,0,10153,25674,1680,560
2064,21,1,50630,6958,0,10158,25590,1690,570
2065,21,1,50636,6952,0,10163,25590,1690,570
2066,21,1,50644,6944,0,10168,25870,1690,570
2067,21,1,50651,6937,0,10173,25942,1690,570
2068,21,1,50658,6932,0,10178,26026,1690,570
2069,21,1,50664,6927,0,10183,26086,1690,570
2070,21,1,50669,6924,0,10188,26138,1690,570
2071,21,1,50673,6921,0,10193,26138,1690,570
2072,21,1,50676,6917,0,10198,26134,1690,570
2073,21,1,50679,6914,0,10203,26134,1690,570
2074,21,1,50681,6909,0,10208,26134,1690,570
2075,21,1,50684,6903,0,10213,26134,1690,570
2076,21,1,50686,6898,0,10218,26134,1690,570
2077,21,1,50689,6893,0,10223,26130,1690,570
2078,21,1,50691,6890,0,10228,26126,1690,570
2079,21,1,50694,6885,0,10233,26114,1690,570
2080,21,1,50696,6880,0,10238,26066,1690,570
2081,21,1,50699,6874,0,10243,26054,1690,580
2082,21,1,50702,6866,0,10248,25898,1690,580
2083,21,1,50705,6859,0,10253,25750,1690,580
2084,21,1,50707,6852,0,10258,25618,1690,580
2085,21,1,50709,6846,0,10263,25498,1690,580
2086,21,1,50711,6841,0,10268,25438,1690,580
2087,21,1,50712,6835,0,10273,25430,1690,580
2088,21,1,50713,6828,0,10277,25382,1690,580
2089,21,1,50714,6820,0,10282,25374,1690,580
2090,21,1,50714,6812,0,10287,25362,1690,580
2091,21,1,50714,6802,0,10292,25358,1690,580
2092,21,1,50714,6790,0,10297,25358,1690,580
2093,21,1,50714,6775,0,10302,25362,1690,580
2094,21,1,50711,6758,0,10307,25446,1680,580
2095,21,1,50705,6739,0,10312,25530,1680,580
2096,21,1,50696,6719,0,10317,25626,1680,580
2097,21,1,50685,6697,0,10322,25746,1680,580
2098,21,1,50671,6674,0,10327,25842,1680,580
2099,21,1,50656,6651,0,10332,25906,1680,580
2100,21,1,50640,6629,0,10337,25946,1680,580
2101,21,1,50624,6608,0,10342,25946,1680,580
2102,21,1,50608,6591,0,10347,25946,1680,580
2103,21,1,50592,6576,0,10352,25946,1680,580
2104,21,1,50575,6561,0,10357,25946,1670,580
2105,21,1,50556,6547,0,10362,25954,1670,580
2106,21,1,50535,6531,0,10367,26002,1670,580
2107,21,1,50512,6516,0,10372,26050,1670,580
2108,21,1,50488,6501,0,10377,26062,1650,580
2109,21,1,50464,6488,0,10382,26066,1650,580
2110,21,1,50440,6477,0,10387,26066,1650,580
2111,21,1,50414,6468,0,10392,25950,1650,580
2112,21,1,50384,6461,0,10397,25478,1640,580
2113,21,1,50353,6454,0,10402,24950,1640,580
2114,21,1,50319,6448,0,10407,24186,1640,580
2115,21,1,50286,6443,0,10412,23014,1640,580
2116,21,1,50255,6438,0,10417,20765,1620,580
2117,21,1,50226,6435,0,10422,15469,1620,580
2118,21,1,50199,6435,0,10427,7260,1630,570
2119,21,1,50179,6435,0,10432,1,1630,570
2120,22,0,50179,6435,0,10437,0,1630,570
2121,22,0,50158,6436,0,10442,0,1610,570
2122,22,0,50158,6436,8,10447,0,1610,570
2123,22,0,50158,6438,20,10451,0,1620,560
2124,22,0,50158,6441,28,10456,0,1620,560
2125,22,0,50158,6445,28,10461,0,1600,550
2126,22,0,50162,6451,40,10466,0,1600,550
2127,22,0,50167,6458,48,10471,0,1600,550
2128,22,0,50172,6466,48,10476,0,1610,550
2129,22,0,50179,6475,60,10481,0,1610,550
2130,22,0,50188,6489,48,10486,0,1610,550
2131,22,0,50197,6506,48,10491,0,1610,550
2132,22,0,50208,6525,48,10496,0,1620,540
2133,22,0,50218,6545,40,10501,0,1620,540
2134,22,0,50226,6563,40,10506,0,1620,540
2135,22,0,50233,6581,40,10511,0,1620,540
2136,22,0,50238,6598,28,10516,0,1620,540
2137,22,0,50241,6613,28,10521,0,1620,540
2138,22,0,50243,6627,20,10526,0,1620,540
2139,22,0,50244,6641,20,10531,0,1620,540
2140,22,0,50244,6653,8,10536,0,1620,540
2141,22,0,50244,6665,0,10541,0,1620,540
2142,22,0,50244,6677,0,10546,0,1620,540
2143,22,0,50244,6690,0,10551,0,1620,540
2144,22,0,50244,6703,0,10556,0,1610,550
2145,22,0,50250,6732,0,10561,0,1610,550
2146,22,0,50257,6761,0,10566,0,1610,550
2147,22,0,50263,6787,0,10571,0,1610,550
2148,22,0,50270,6811,0,10576,0,1610,550
2149,22,0,50271,6819,0,10581,0,1600,550
2150,23,1,50273,6825,0,10582,5392,1600,550
2151,23,1,50274,6830,0,10583,12733,1600,550
2152,23,1,50274,6834,0,10586,16829,1600,550
2153,23,1,50274,6835,0,10591,18873,1600,550
2154,23,1,50274,6836,0,10596,20405,1600,550
2155,23,1,50274,6836,0,10601,21329,1600,550
2156,23,1,50274,6836,0,10606,21817,1600,550
2157,23,1,50274,6836,0,10611,22086,1600,550
2158,23,1,50274,6836,0,10616,22230,1600,550
2159,23,1,50274,6835,0,10621,22338,1600,550
2160,23,1,50274,6832,0,10626,22350,1600,550
2161,23,1,50274,6831,0,10631,22350,1600,550
2162,23,1,50274,6831,0,10635,22350,1600,550
2163,23,1,50273,6830,0,10640,22346,1600,550
2164,23,1,50272,6830,0,10645,22346,1600,550
2165,23,1,50271,6826,0,10650,22442,1600,560
2166,23,1,50271,6823,0,10655,22602,1600,560
2167,23,1,50270,6820,0,10660,22782,1600,560
2168,23,1,50270,6818,0,10665,23038,1600,560
2169,23,1,50269,6818,0,10670,23474,1600,560
2170,23,1,50269,6818,0,10675,23822,1600,560
2171,23,1,50269,6817,0,10680,24090,1600,560
2172,23,1,50268,6816,0,10685,24258,1600,560
2173,23,1,50267,6813,0,10690,24354,1600,560
2174,23,1,50266,6806,0,10695,24366,1600,560
2175,23,1,50264,6793,0,10700,24374,1600,560
2176,23,1,50262,6775,0,10705,24570,1600,560
2177,23,1,50258,6752,0,10710,24850,1600,560
2178,23,1,50252,6725,0,10715,25174,1600,560
2179,23,1,50243,6696,0,10720,25426,1590,570
2180,23,1,50230,6665,0,10725,25594,1590,570
2181,23,1,50213,6630,0,10730,25690,1590,570
2182,23,1,50192,6592,0,10735,25762,1590,570
2183,23,1,50168,6552,0,10740,25774,1590,570
2184,23,1,50140,6511,0,10745,25874,1590,570
2185,23,1,50109,6469,0,10750,25946,1590,570
2186,23,1,50075,6427,0,10755,25946,1590,570
2187,23,1,50039,6386,0,10760,25806,1570,570
2188,23,1,50002,6347,0,10765,25362,1570,570
2189,23,1,49965,6312,0,10770,24710,1570,570
2190,23,1,49931,6281,0,10775,23790,1570,570
2191,23,1,49899,6255,0,10780,22314,1560,570
2192,23,1,49870,6235,0,10785,19549,1560,570
2193,23,1,49845,6219,0,10790,14181,1560,570
2194,23,1,49821,6206,0,10795,6948,1560,570
2195,23,1,49803,6198,0,10800,1,1560,570
2196,24,0,49803,6198,0,10805,0,1540,560
2197,24,0,49786,6191,0,10809,0,1540,560
2198,24,0,49786,6191,8,10814,0,1540,560
2199,24,0,49786,6191,28,10819,0,1540,560
2200,24,0,49788,6198,40,10824,0,1530,560
2201,24,0,49794,6206,60,10829,0,1530,560
2202,24,0,49802,6216,68,10834,0,1530,560
2203,24,0,49810,6225,88,10839,0,1540,550
2204,24,0,49819,6234,100,10844,0,1530,550
2205,24,0,49829,6238,120,10849,0,1530,550
2206,24,0,49839,6246,140,10854,0,1530,540
2207,24,0,49849,6254,160,10859,0,1530,540
2208,24,0,49861,6258,180,10864,0,1520,540
2209,24,0,49872,6271,200,10869,0,1520,540
2210,24,0,49879,6276,208,10874,0,1520,540
2211,24,0,49898,6288,228,10879,0,1520,540
2212,24,0,49906,6293,248,10884,0,1520,540
2213,24,0,49929,6306,260,10889,0,1510,530
2214,24,0,49947,6310,268,10894,0,1510,530
2215,24,0,49967,6314,268,10899,0,1510,530
2216,24,0,49988,6321,280,10904,0,1510,530
2217,24,0,50008,6326,280,10909,0,1490,530
2218,24,0,50028,6330,288,10914,0,1490,530
2219,24,0,50047,6332,288,10919,0,1490,530
2220,24,0,50064,6332,288,10924,0,1490,530
2221,24,0,50080,6332,288,10929,0,1490,530
2222,24,0,50094,6332,288,10934,0,1490,530
2223,24,0,50107,6328,288,10939,0,1490,530
2224,24,0,50117,6321,288,10944,0,1490,530
2225,24,0,50122,6313,288,10949,0,1500,540
2226,24,0,50126,6305,288,10954,0,1500,540
2227,24,0,50130,6297,300,10959,0,1500,540
2228,24,0,50139,6287,288,10964,0,1500,540
2229,24,0,50146,6275,288,10969,0,1510,540
2230,24,0,50153,6271,288,10974,0,1510,540
2231,24,0,50159,6264,280,10978,0,1500,550
2232,24,0,50165,6259,280,10983,0,1520,560
2233,24,0,50169,6256,268,10988,0,1520,560
2234,24,0,50174,6255,260,10993,0,1520,560
2235,24,0,50180,6255,248,10998,0,1530,560
2236,24,0,50183,6263,248,11003,0,1530,560
2237,24,0,50184,6283,248,11008,0,1540,550
2238,24,0,50184,6302,248,11013,0,1540,550
2239,24,0,50180,6322,240,11018,0,1540,550
2240,24,0,50157,6344,240,11023,0,1540,550
2241,24,0,50133,6367,240,11028,0,1540,550
2242,24,0,50103,6392,228,11033,0,1540,550
2243,24,0,50065,6417,228,11038,0,1550,550
2244,24,0,50015,6447,220,11043,0,1560,550
2245,24,0,49955,6478,208,11048,0,1560,550
2246,24,0,49876,6514,188,11053,0,1560,550
2247,24,0,49787,6549,168,11058,0,1580,550
2248,24,0,49697,6580,160,11063,0,1580,550
2249,24,0,49595,6614,140,11068,0,1580,550
2250,24,0,49506,6644,128,11073,0,1580,550
2251,24,0,49426,6673,120,11078,0,1600,540
2252,24,0,49357,6701,108,11083,0,1600,540
2253,24,0,49309,6725,100,11088,0,1610,550
2254,24,0,49273,6748,100,11093,0,1610,550
2255,24,0,49249,6769,100,11098,0,1610,550
2256,24,0,49246,6788,108,11103,0,1630,550
2257,24,0,49238,6805,108,11108,0,1630,550
2258,24,0,49243,6819,120,11113,0,1630,540
2259,24,0,49263,6830,120,11118,0,1630,540
2260,24,0,49290,6833,128,11123,0,1640,540
2261,24,0,49323,6839,140,11128,0,1640,540
2262,24,0,49360,6843,140,11133,0,1640,540
2263,24,0,49403,6844,140,11138,0,1640,540
2264,24,0,49447,6844,140,11143,0,1660,540
2265,24,0,49493,6844,140,11148,0,1660,530
2266,24,0,49544,6844,128,11152,0,1660,530
2267,24,0,49594,6834,128,11157,0,1660,530
2268,24,0,49642,6823,128,11162,0,1680,530
2269,24,0,49688,6810,128,11167,0,1680,530
2270,24,0,49725,6796,128,11172,0,1680,530
2271,24,0,49759,6781,128,11177,0,1680,530
2272,24,0,49789,6765,128,11182,0,1690,530
2273,24,0,49814,6748,128,11187,0,1690,530
2274,24,0,49834,6732,128,11192,0,1690,530
2275,24,0,49841,6717,128,11197,0,1690,530
2276,24,0,49863,6700,128,11202,0,1690,530
2277,24,0,49873,6683,140,11207,0,1690,530
2278,24,0,49884,6665,140,11212,0,1690,530
2279,24,0,49894,6646,140,11217,0,1690,530
2280,24,0,49898,6628,140,11222,0,1690,530
2281,24,0,49906,6610,128,11227,0,1690,530
2282,24,0,49913,6593,128,11232,0,1690,530
2283,24,0,49919,6579,120,11237,0,1690,530
2284,24,0,49924,6575,108,11242,0,1690,530
2285,24,0,49929,6565,100,11247,0,1690,530
2286,24,0,49933,6561,88,11252,0,1690,530
2287,24,0,49940,6560,80,11257,0,1700,540
2288,24,0,49944,6560,68,11262,0,1700,540
2289,24,0,49947,6568,48,11267,0,1700,540
2290,24,0,49950,6581,40,11272,0,1700,540
2291,24,0,49952,6596,28,11277,0,1700,540
2292,24,0,49953,6613,20,11282,0,1700,550
2293,24,0,49953,6632,8,11287,0,1700,550
2294,24,0,49953,6651,0,11292,0,1700,550
2295,24,0,49950,6687,0,11297,0,1700,550
2296,24,0,49940,6717,0,11302,0,1700,550
2297,24,0,49930,6744,0,11307,0,1700,560
2298,24,0,49919,6768,0,11312,0,1700,560
2299,24,0,49913,6774,0,11317,0,1700,560
2300,24,0,49906,6781,0,11321,0,1700,560
2301,25,1,49899,6788,0,11326,800,1700,560
2302,25,1,49892,6794,0,11331,5744,1700,560
2303,25,1,49886,6800,0,11336,8192,1700,560
2304,25,1,49881,6804,0,11341,10344,1700,560
2305,25,1,49877,6807,0,11346,12221,1690,570
2306,25,1,49874,6809,0,11351,13829,1690,570
2307,25,1,49872,6809,0,11356,15349,1690,570
2308,25,1,49871,6809,0,11361,16789,1690,570
2309,25,1,49871,6809,0,11366,18153,1690,570
2310,25,1,49871,6809,0,11371,19397,1690,570
2311,25,1,49871,6809,0,11376,20597,1690,570
2312,25,1,49871,6809,0,11381,21665,1690,570
2313,25,1,49871,6810,0,11386,22614,1690,570
2314,25,1,49871,6811,0,11391,23362,1690,570
2315,25,1,49871,6811,0,11396,24006,1690,570
2316,25,1,49871,6811,0,11401,24510,1690,570
2317,25,1,49871,6811,0,11406,24890,1690,570
2318,25,1,49871,6811,0,11411,25142,1690,570
2319,25,1,49871,6811,0,11416,25298,1690,570
2320,25,1,49871,6811,0,11421,25370,1690,570
2321,25,1,49871,6811,0,11426,25378,1690,570
2322,25,1,49873,6811,0,11431,25426,1690,570
2323,25,1,49875,6811,0,11436,25498,1690,570
2324,25,1,49877,6810,0,11440,25546,1690,570
2325,25,1,49879,6809,0,11445,25594,1690,570
2326,25,1,49880,6808,0,11450,25654,1690,570
2327,25,1,49881,6808,0,11455,25738,1690,570
2328,25,1,49882,6808,0,11460,25750,1690,570
2329,25,1,49882,6808,0,11465,25750,1690,570
2330,25,1,49882,6808,0,11470,25698,1690,570
2331,25,1,49882,6806,0,11475,25602,1690,580
2332,25,1,49882,6800,0,11480,25446,1690,580
2333,25,1,49884,6789,0,11485,25398,1690,580
2334,25,1,49886,6772,0,11490,25398,1690,580
2335,25,1,49890,6753,0,11495,25494,1690,580
2336,25,1,49893,6733,0,11500,25554,1690,580
2337,25,1,49897,6715,0,11505,25554,1690,580
2338,25,1,49899,6700,0,11510,25562,1690,580
2339,25,1,49901,6687,0,11515,25566,1690,580
2340,25,1,49903,6676,0,11520,25570,1690,580
2341,25,1,49905,6665,0,11525,25582,1690,580
2342,25,1,49906,6655,0,11530,25690,1680,580
2343,25,1,49907,6646,0,11535,25822,1680,580
2344,25,1,49908,6637,0,11540,25958,1680,580
2345,25,1,49908,6629,0,11545,26102,1680,580
2346,25,1,49908,6621,0,11550,26210,1680,580
2347,25,1,49908,6613,0,11555,26426,1680,580
2348,25,1,49908,6602,0,11560,26618,1680,580
2349,25,1,49903,6589,0,11565,26762,1680,580
2350,25,1,49893,6573,0,11570,26870,1680,580
2351,25,1,49879,6554,0,11575,27002,1680,580
2352,25,1,49860,6533,0,11580,27134,1680,580
2353,25,1,49836,6511,0,11585,27230,1680,580
2354,25,1,49806,6486,0,11590,27230,1680,580
2355,25,1,49771,6462,0,11595,27154,1680,580
2356,25,1,49733,6435,0,11600,26878,1670,580
2357,25,1,49694,6411,0,11605,26626,1670,580
2358,25,1,49654,6390,0,11609,26074,1670,580
2359,25,1,49615,6372,0,11614,25266,1670,580
2360,25,1,49575,6360,0,11619,24262,1670,580
2361,25,1,49536,6351,0,11624,22994,1650,580
2362,25,1,49498,6348,0,11629,20697,1650,580
2363,25,1,49462,6348,0,11634,16381,1650,580
2364,25,1,49422,6348,0,11639,10484,1650,580
2365,25,1,49391,6351,0,11644,1316,1650,580
2366,26,0,49391,6351,0,11649,0,1640,580
2367,26,0,49346,6357,0,11654,0,1640,580
2368,26,0,49339,6358,20,11659,0,1640,570
2369,26,0,49329,6359,40,11664,0,1630,570
2370,26,0,49317,6363,68,11669,0,1630,570
2371,26,0,49305,6367,108,11674,0,1620,560
2372,26,0,49294,6377,148,11679,0,1620,560
2373,26,0,49291,6386,200,11684,0,1610,550
2374,26,0,49290,6396,240,11689,0,1610,550
2375,26,0,49290,6401,280,11694,0,1600,530
2376,26,0,49287,6405,308,11699,0,1600,530
2377,26,0,49296,6425,349,11704,0,1590,530
2378,26,0,49321,6456,381,11709,0,1600,520
2379,26,0,49361,6486,401,11714,0,1590,510
2380,26,0,49423,6522,421,11719,0,1600,500
2381,26,0,49490,6509,441,11724,0,1590,500
2382,26,0,49531,6506,441,11729,0,1590,490
2383,26,0,49578,6503,449,11734,0,1580,490
2384,26,0,49630,6482,449,11739,0,1580,490
2385,26,0,49682,6459,449,11744,0,1570,490
2386,26,0,49732,6459,449,11749,0,1580,480
2387,26,0,49779,6436,449,11754,0,1580,480
2388,26,0,49821,6430,449,11759,0,1580,480
2389,26,0,49857,6422,449,11764,0,1570,480
2390,26,0,49882,6402,449,11769,0,1570,480
2391,26,0,49880,6399,449,11774,0,1570,480
2392,26,0,49880,6395,449,11779,0,1570,480
2393,26,0,49883,6394,449,11783,0,1570,480
2394,26,0,49872,6388,441,11788,0,1570,480
2395,26,0,49825,6382,441,11793,0,1570,480
2396,26,0,49783,6378,429,11798,0,1570,480
2397,26,0,49740,6375,421,11803,0,1570,480
2398,26,0,49696,6375,409,11808,0,1570,480
2399,26,0,49655,6375,401,11813,0,1570,480
2400,26,0,49618,6375,389,11818,0,1580,480
2401,26,0,49584,6375,381,11823,0,1580,480
2402,26,0,49547,6376,369,11828,0,1570,490
2403,26,0,49514,6380,361,11833,0,1570,490
2404,26,0,49489,6384,349,11838,0,1580,490
2405,26,0,49479,6389,341,11843,0,1580,490
2406,26,0,49454,6394,328,11848,0,1580,490
2407,26,0,49451,6396,328,11853,0,1580,490
2408,26,0,49448,6400,320,11858,0,1580,490
2409,26,0,49446,6404,320,11863,0,1590,490
2410,26,0,49441,6407,308,11868,0,1590,490
2411,26,0,49435,6412,300,11873,0,1590,490
2412,26,0,49433,6416,288,11878,0,1590,490
2413,26,0,49429,6421,268,11883,0,1590,490
2414,26,0,49425,6429,248,11888,0,1590,490
2415,26,0,49422,6435,240,11893,0,1600,500
2416,26,0,49418,6441,220,11898,0,1600,500
2417,26,0,49415,6448,188,11903,0,1600,500
2418,26,0,49409,6464,168,11908,0,1600,500
2419,26,0,49402,6486,140,11913,0,1610,500
2420,26,0,49399,6509,120,11918,0,1610,500
2421,26,0,49388,6537,100,11923,0,1610,500
2422,26,0,49386,6566,88,11928,0,1610,500
2423,26,0,49377,6598,68,11933,0,1620,520
2424,26,0,49373,6635,60,11938,0,1620,520
2425,26,0,49369,6674,48,11943,0,1620,520
2426,26,0,49366,6715,40,11948,0,1620,520
2427,26,0,49364,6755,28,11952,0,1620,530
2428,26,0,49363,6796,20,11957,0,1620,530
2429,26,0,49363,6834,8,11962,0,1620,530
2430,26,0,49363,6870,0,11967,0,1620,530
2431,26,0,49363,6907,0,11972,0,1640,530
2432,26,0,49367,6938,0,11977,0,1630,540
2433,26,0,49380,6982,0,11982,0,1630,540
2434,26,0,49394,7021,0,11987,0,1630,540
2435,26,0,49405,7051,0,11992,0,1640,540
2436,26,0,49415,7075,0,11997,0,1640,550
2437,27,1,49416,7079,0,11998,364,1640,550
2438,27,1,49416,7081,0,11999,8848,1640,550
2439,27,1,49416,7082,0,12000,14801,1640,550
2440,27,1,49416,7083,0,12001,17853,1630,560
2441,27,1,49416,7083,0,12002,20349,1630,560
2442,27,1,49416,7083,0,12005,22234,1630,560
2443,27,1,49416,7083,0,12010,23542,1630,560
2444,27,1,49416,7082,0,12015,24570,1630,560
2445,27,1,49414,7079,0,12020,25354,1630,560
2446,27,1,49412,7076,0,12025,25934,1630,570
2447,27,1,49410,7073,0,12030,26282,1630,570
2448,27,1,49408,7069,0,12035,26318,1630,570
2449,27,1,49405,7059,0,12039,26318,1630,570
2450,27,1,49401,7041,0,12044,26246,1630,570
2451,27,1,49395,7011,0,12049,26246,1620,580
2452,27,1,49388,6971,0,12054,26354,1620,580
2453,27,1,49378,6922,0,12059,26450,1620,580
2454,27,1,49367,6869,0,12064,26606,1620,580
2455,27,1,49355,6816,0,12069,26690,1610,590
2456,27,1,49343,6763,0,12074,26786,1610,590
2457,27,1,49330,6712,0,12079,26794,1610,590
2458,27,1,49318,6662,0,12084,26866,1610,590
2459,27,1,49306,6615,0,12089,26914,1610,590
2460,27,1,49293,6572,0,12094,26926,1610,600
2461,27,1,49281,6535,0,12099,26926,1610,600
2462,27,1,49268,6506,0,12104,26682,1610,600
2463,27,1,49256,6482,0,12109,25962,1610,600
2464,27,1,49242,6462,0,12114,25154,1610,590
2465,27,1,49224,6444,0,12119,24042,1610,590
2466,27,1,49204,6429,0,12124,22214,1610,590
2467,27,1,49177,6414,0,12129,16025,1610,590
2468,27,1,49154,6404,0,12134,4496,1610,590
2469,28,0,49154,6404,0,12139,0,1610,590
2470,28,0,49130,6390,0,12144,0,1620,580
2471,28,0,49130,6389,20,12149,0,1620,580
2472,28,0,49130,6389,60,12154,0,1610,570
2473,28,0,49130,6391,100,12159,0,1610,570
2474,28,0,49133,6403,140,12164,0,1620,560
2475,28,0,49137,6422,180,12169,0,1620,560
2476,28,0,49147,6446,220,12174,0,1610,550
2477,28,0,49164,6472,252,12179,0,1620,540
2478,28,0,49181,6501,272,12184,0,1620,530
2479,28,0,49200,6530,292,12189,0,1610,520
2480,28,0,49273,6648,292,12194,0,1620,520
2481,28,0,49346,6767,292,12199,0,1620,520
2482,28,0,49417,6882,292,12204,0,1620,510
2483,28,0,49496,7012,280,12208,0,1620,510
2484,28,0,49515,7046,272,12213,0,1620,510
2485,28,0,49522,7060,260,12218,0,1630,500
2486,28,0,49528,7112,240,12223,0,1630,500
2487,28,0,49541,7131,232,12228,0,1630,500
2488,28,0,49552,7157,212,12233,0,1630,500
2489,28,0,49556,7184,188,12238,0,1640,500
2490,28,0,49561,7210,180,12243,0,1640,500
2491,28,0,49568,7235,160,12248,0,1640,500
2492,28,0,49574,7260,148,12253,0,1640,500
2493,28,0,49580,7284,128,12258,0,1650,500
2494,28,0,49587,7307,120,12263,0,1650,500
2495,28,0,49602,7343,100,12268,0,1650,500
2496,28,0,49616,7382,88,12273,0,1650,500
2497,28,0,49631,7427,80,12278,0,1650,510
2498,28,0,49650,7475,60,12283,0,1660,510
2499,28,0,49669,7518,48,12288,0,1660,510
2500,28,0,49689,7558,40,12293,0,1660,510
2501,28,0,49708,7595,28,12298,0,1660,520
2502,28,0,49729,7631,8,12303,0,1670,520
2503,28,0,49746,7659,0,12308,0,1670,520
2504,28,0,49769,7697,0,12313,0,1670,520
2505,28,0,49789,7728,0,12318,0,1660,530
2506,28,0,49803,7750,0,12323,0,1680,530
2507,28,0,49813,7768,0,12328,0,1680,530
2508,29,1,49813,7768,0,12333,2620,1680,530
2509,29,1,49813,7768,0,12338,10512,1680,530
2510,29,1,49813,7768,0,12343,15893,1690,540
2511,29,1,49813,7768,0,12348,18505,1690,540
2512,29,1,49813,7768,0,12353,20453,1690,540
2513,29,1,49813,7768,0,12358,21781,1690,540
2514,29,1,49812,7768,0,12363,22534,1700,550
2515,29,1,49811,7767,0,12368,22958,1700,550
2516,29,1,49808,7766,0,12373,23186,1700,550
2517,29,1,49806,7764,0,12378,23294,1700,550
2518,29,1,49803,7759,0,12383,23294,1700,550
2519,29,1,49800,7749,0,12388,23230,1700,550
2520,29,1,49795,7734,0,12393,23230,1700,550
2521,29,1,49790,7714,0,12398,23474,1700,560
2522,29,1,49783,7692,0,12403,23618,1700,560
2523,29,1,49775,7670,0,12408,23750,1700,560
2524,29,1,49768,7650,0,12412,23846,1700,560
2525,29,1,49760,7633,0,12417,23906,1700,560
2526,29,1,49751,7618,0,12422,23994,1700,560
2527,29,1,49742,7604,0,12427,24150,1700,560
2528,29,1,49732,7592,0,12432,24414,1700,560
2529,29,1,49721,7581,0,12437,24842,1700,560
2530,29,1,49708,7572,0,12442,25130,1700,560
2531,29,1,49693,7564,0,12447,25394,1700,560
2532,29,1,49676,7558,0,12452,25658,1700,560
2533,29,1,49657,7555,0,12457,25998,1700,560
2534,29,1,49634,7554,0,12462,26610,1700,560
2535,29,1,49609,7554,0,12467,26934,1700,560
2536,29,1,49582,7554,0,12472,27102,1700,560
2537,29,1,49554,7555,0,12477,27114,1700,560
2538,29,1,49528,7559,0,12482,27162,1700,560
2539,29,1,49503,7562,0,12487,27162,1700,560
2540,29,1,49480,7565,0,12492,27162,1680,550
2541,29,1,49458,7568,0,12497,27150,1680,550
2542,29,1,49435,7570,0,12502,27090,1680,550
2543,29,1,49411,7573,0,12507,27042,1680,550
2544,29,1,49387,7574,0,12512,26946,1680,550
2545,29,1,49363,7575,0,12517,26938,1680,550
2546,29,1,49343,7575,0,12522,26890,1680,550
2547,29,1,49326,7575,0,12527,26818,1680,550
2548,29,1,49313,7575,0,12532,26734,1670,550
2549,29,1,49301,7573,0,12537,26662,1670,550
2550,29,1,49287,7566,0,12542,26554,1670,550
2551,29,1,49268,7555,0,12547,26494,1670,550
2552,29,1,49244,7541,0,12552,26490,1650,550
2553,29,1,49219,7524,0,12557,26490,1650,560
2554,29,1,49194,7507,0,12562,26430,1650,560
2555,29,1,49171,7488,0,12567,26334,1650,560
2556,29,1,49150,7469,0,12572,26262,1650,560
2557,29,1,49130,7448,0,12577,26262,1650,560
2558,29,1,49111,7427,0,12582,26258,1650,560
2559,29,1,49095,7406,0,12586,26186,1650,560
2560,29,1,49082,7388,0,12591,26178,1650,560
2561,29,1,49072,7371,0,12596,26130,1650,560
2562,29,1,49064,7356,0,12601,26058,1650,560
2563,29,1,49057,7343,0,12606,25562,1650,560
2564,29,1,49052,7331,0,12611,24950,1650,560
2565,29,1,49048,7320,0,12616,23882,1630,560
2566,29,1,49044,7310,0,12621,21837,1630,560
2567,29,1,49042,7300,0,12626,17317,1630,560
2568,29,1,49042,7281,0,12631,11589,1630,560
2569,29,1,49042,7265,0,12636,2296,1630,560
2570,30,0,49042,7265,0,12641,0,1630,560
2571,30,0,49042,7229,0,12646,0,1630,560
2572,30,0,49042,7214,8,12651,0,1630,560
2573,30,0,49042,7193,28,12656,0,1630,560
2574,30,0,49038,7168,56,12661,0,1630,560
2575,30,0,49031,7141,76,12666,0,1630,550
2576,30,0,49021,7111,84,12671,0,1630,550
2577,30,0,49008,7079,104,12676,0,1630,550
2578,30,0,48990,7045,112,12681,0,1630,540
2579,30,0,48971,7010,132,12686,0,1620,540
2580,30,0,48947,6968,144,12691,0,1620,540
2581,30,0,48918,6919,152,12696,0,1620,540
2582,30,0,48890,6871,160,12701,0,1620,540
2583,30,0,48853,6808,160,12706,0,1600,530
2584,30,0,48813,6745,160,12711,0,1600,530
2585,30,0,48774,6684,160,12716,0,1600,530
2586,30,0,48732,6620,160,12721,0,1600,530
2587,30,0,48699,6569,160,12726,0,1600,530
2588,30,0,48673,6527,152,12731,0,1610,520
2589,30,0,48653,6493,152,12736,0,1610,520
2590,30,0,48640,6467,144,12741,0,1600,530
2591,30,0,48639,6449,144,12746,0,1600,530
2592,30,0,48636,6446,132,12751,0,1600,530
2593,30,0,48636,6440,124,12755,0,1600,530
2594,30,0,48646,6440,112,12760,0,1600,530
2595,30,0,48666,6453,96,12765,0,1600,530
2596,30,0,48687,6477,84,12770,0,1600,530
2597,30,0,48708,6505,76,12775,0,1600,530
2598,30,0,48732,6540,56,12780,0,1620,540
2599,30,0,48753,6574,48,12785,0,1620,540
2600,30,0,48773,6609,36,12790,0,1620,540
2601,30,0,48796,6650,16,12795,0,1620,540
2602,30,0,48816,6687,8,12800,0,1630,550
2603,30,0,48847,6746,0,12805,0,1630,550
2604,30,0,48873,6798,0,12810,0,1630,550
2605,30,0,48893,6838,0,12815,0,1630,550
2606,30,0,48909,6870,0,12820,0,1630,560
2607,31,1,48909,6874,0,12821,2908,1630,560
2608,31,1,48909,6875,0,12822,11621,1630,560
2609,31,1,48909,6876,0,12825,17117,1630,560
2610,31,1,48909,6876,0,12830,19793,1630,560
2611,31,1,48909,6876,0,12835,21669,1630,570
2612,31,1,48909,6876,0,12840,22810,1630,570
2613,31,1,48909,6876,0,12845,23454,1630,570
2614,31,1,48909,6876,0,12850,23790,1630,570
2615,31,1,48909,6876,0,12855,23958,1630,570
2616,31,1,48908,6875,0,12860,24018,1630,570
2617,31,1,48907,6873,0,12865,24018,1630,570
2618,31,1,48905,6871,0,12870,23930,1630,570
2619,31,1,48902,6867,0,12874,23822,1640,570
2620,31,1,48900,6862,0,12879,23714,1640,570
2621,31,1,48897,6854,0,12884,23666,1640,570
2622,31,1,48892,6843,0,12889,23666,1640,570
2623,31,1,48886,6828,0,12894,23966,1640,570
2624,31,1,48876,6812,0,12899,24258,1640,580
2625,31,1,48863,6792,0,12904,24486,1640,580
2626,31,1,48847,6771,0,12909,24718,1640,580
2627,31,1,48827,6749,0,12914,24902,1640,580
2628,31,1,48804,6729,0,12919,25046,1640,580
2629,31,1,48780,6711,0,12924,25202,1640,580
2630,31,1,48754,6696,0,12929,25310,1640,580
2631,31,1,48729,6683,0,12934,25310,1620,580
2632,31,1,48704,6673,0,12939,25226,1620,580
2633,31,1,48683,6666,0,12944,25082,1620,580
2634,31,1,48666,6662,0,12949,24778,1620,580
2635,31,1,48653,6660,0,12954,24474,1610,570
2636,31,1,48645,6660,0,12959,24210,1610,570
2637,31,1,48640,6660,0,12964,24098,1610,570
2638,31,1,48638,6661,0,12969,24098,1610,570
2639,31,1,48637,6667,0,12974,24218,1590,570
2640,31,1,48637,6678,0,12979,24326,1590,570
2641,31,1,48637,6694,0,12984,24518,1590,570
2642,31,1,48640,6716,0,12989,24726,1590,570
2643,31,1,48650,6743,0,12994,24838,1590,570
2644,31,1,48665,6774,0,12999,24922,1590,570
2645,31,1,48683,6803,0,13004,24922,1590,570
2646,31,1,48704,6829,0,13009,24814,1590,570
2647,31,1,48725,6852,0,13014,24702,1610,570
2648,31,1,48743,6869,0,13019,24554,1610,570
2649,31,1,48757,6881,0,13024,24410,1610,570
2650,31,1,48768,6888,0,13029,24074,1610,570
2651,31,1,48776,6891,0,13034,23686,1610,570
2652,31,1,48783,6892,0,13039,23310,1610,570
2653,31,1,48790,6892,0,13043,22874,1610,570
2654,31,1,48797,6892,0,13048,22490,1610,570
2655,31,1,48805,6890,0,13053,22198,1620,580
2656,31,1,48813,6883,0,13058,21954,1620,580
2657,31,1,48819,6876,0,13063,21821,1620,580
2658,31,1,48824,6869,0,13068,21749,1620,580
2659,31,1,48829,6863,0,13073,21745,1620,580
2660,31,1,48832,6858,0,13078,21745,1620,580
2661,31,1,48833,6855,0,13083,22122,1620,580
2662,31,1,48834,6852,0,13088,22666,1620,580
2663,31,1,48834,6851,0,13093,23234,1620,580
2664,31,1,48834,6849,0,13098,23778,1620,580
2665,31,1,48834,6847,0,13103,24238,1620,580
2666,31,1,48834,6843,0,13108,24566,1620,580
2667,31,1,48834,6836,0,13113,24782,1620,580
2668,31,1,48834,6825,0,13118,24966,1620,580
2669,31,1,48834,6810,0,13123,25230,1620,580
2670,31,1,48830,6789,0,13128,25554,1620,580
2671,31,1,48823,6765,0,13133,25990,1620,580
2672,31,1,48814,6737,0,13138,26254,1620,580
2673,31,1,48803,6709,0,13143,26422,1610,590
2674,31,1,48789,6680,0,13148,26530,1610,590
2675,31,1,48772,6650,0,13153,26698,1610,590
2676,31,1,48751,6618,0,13158,26950,1610,590
2677,31,1,48726,6584,0,13163,27094,1610,590
2678,31,1,48698,6550,0,13168,27178,1610,590
2679,31,1,48667,6515,0,13173,27238,1610,590
2680,31,1,48633,6481,0,13178,27310,1600,580
2681,31,1,48595,6446,0,13183,27406,1600,580
2682,31,1,48554,6412,0,13188,27406,1600,580
2683,31,1,48510,6379,0,13193,27358,1600,580
2684,31,1,48464,6348,0,13198,27166,1580,580
2685,31,1,48419,6322,0,13203,26734,1580,580
2686,31,1,48376,6301,0,13208,26062,1580,580
2687,31,1,48336,6284,0,13213,25038,1580,580
2688,31,1,48297,6272,0,13217,23574,1570,580
2689,31,1,48262,6263,0,13222,20489,1570,580
2690,31,1,48230,6257,0,13227,13961,1570,580
2691,31,1,48197,6250,0,13232,4428,1570,580
2692,32,0,48197,6250,0,13237,0,1570,580
2693,32,0,48155,6239,0,13242,0,1550,580
2694,32,0,48142,6234,0,13247,0,1560,570
2695,32,0,48140,6232,8,13252,0,1560,570
2696,32,0,48136,6229,28,13257,0,1560,570
2697,32,0,48132,6224,40,13262,0,1550,550
2698,32,0,48127,6217,60,13267,0,1550,550
2699,32,0,48122,6209,80,13272,0,1550,550
2700,32,0,48120,6201,88,13277,0,1550,550
2701,32,0,48115,6197,112,13282,0,1540,550
2702,32,0,48110,6189,120,13287,0,1540,550
2703,32,0,48106,6176,132,13292,0,1550,540
2704,32,0,48100,6167,152,13297,0,1550,540
2705,32,0,48088,6156,160,13302,0,1530,540
2706,32,0,48076,6144,172,13307,0,1530,540
2707,32,0,48064,6133,180,13312,0,1530,540
2708,32,0,48050,6126,192,13317,0,1540,530
2709,32,0,48035,6106,192,13322,0,1540,530
2710,32,0,48021,6094,204,13327,0,1540,530
2711,32,0,48006,6080,204,13332,0,1540,530
2712,32,0,47993,6069,204,13337,0,1550,520
2713,32,0,47982,6065,204,13342,0,1550,520
2714,32,0,47977,6061,204,13347,0,1550,520
2715,32,0,47966,6054,192,13352,0,1550,520
2716,32,0,47966,6050,180,13357,0,1550,520
2717,32,0,47966,6050,172,13362,0,1550,520
2718,32,0,47966,6050,160,13367,0,1550,520
2719,32,0,47988,6067,152,13372,0,1550,520
2720,32,0,48012,6085,140,13377,0,1550,520
2721,32,0,48044,6110,120,13382,0,1550,520
2722,32,0,48078,6139,112,13386,0,1570,520
2723,32,0,48114,6172,100,13391,0,1570,520
2724,32,0,48150,6207,88,13396,0,1570,520
2725,32,0,48180,6242,80,13401,0,1570,520
2726,32,0,48212,6282,80,13406,0,1580,520
2727,32,0,48239,6322,68,13411,0,1580,520
2728,32,0,48263,6361,60,13416,0,1580,530
2729,32,0,48285,6406,40,13421,0,1580,530
2730,32,0,48300,6446,28,13426,0,1590,530
2731,32,0,48314,6485,20,13431,0,1590,530
2732,32,0,48327,6528,0,13436,0,1590,530
2733,32,0,48338,6566,0,13441,0,1590,530
2734,32,0,48349,6602,0,13446,0,1600,530
2735,32,0,48362,6640,0,13451,0,1600,530
2736,32,0,48379,6691,0,13456,0,1600,530
2737,32,0,48394,6734,0,13461,0,1600,540
2738,32,0,48406,6770,0,13466,0,1610,550
2739,32,0,48414,6796,0,13471,0,1610,550
2740,32,0,48415,6798,0,13476,0,1610,550
2741,32,0,48415,6801,0,13481,0,1610,550
2742,33,1,48415,6803,0,13483,4404,1610,550
2743,33,1,48415,6804,0,13488,11429,1600,550
2744,33,1,48415,6804,0,13493,15441,1600,550
2745,33,1,48415,6804,0,13498,17625,1600,550
2746,33,1,48415,6804,0,13503,19449,1600,550
2747,33,1,48415,6804,0,13508,20869,1600,550
2748,33,1,48415,6804,0,13512,21962,1600,550
2749,33,1,48415,6804,0,13517,22702,1600,560
2750,33,1,48415,6802,0,13522,23210,1600,560
2751,33,1,48415,6799,0,13527,23586,1600,560
2752,33,1,48415,6795,0,13532,23910,1600,560
2753,33,1,48415,6791,0,13537,24190,1600,560
2754,33,1,48413,6790,0,13542,24454,1600,560
2755,33,1,48412,6787,0,13547,24650,1600,560
2756,33,1,48409,6781,0,13552,24710,1600,560
2757,33,1,48406,6769,0,13557,24714,1600,560
2758,33,1,48400,6748,0,13562,24850,1590,570
2759,33,1,48391,6718,0,13567,25246,1590,570
2760,33,1,48378,6680,0,13572,25834,1590,570
2761,33,1,48360,6638,0,13577,26162,1590,570
2762,33,1,48335,6591,0,13582,26378,1590,570
2763,33,1,48304,6541,0,13587,26534,1590,570
2764,33,1,48265,6491,0,13592,26630,1580,580
2765,33,1,48221,6440,0,13597,26726,1580,580
2766,33,1,48174,6392,0,13602,26726,1580,580
2767,33,1,48125,6345,0,13607,26402,1580,580
2768,33,1,48076,6302,0,13612,25630,1570,580
2769,33,1,48027,6263,0,13617,24814,1570,580
2770,33,1,47978,6227,0,13622,23650,1570,580
2771,33,1,47931,6196,0,13627,21421,1570,580
2772,33,1,47876,6167,0,13632,15749,1550,580
2773,33,1,47832,6147,0,13637,7456,1550,580
2774,33,1,47798,6134,0,13642,1,1550,580
2775,34,0,47798,6134,0,13647,0,1560,570
2776,34,0,47767,6125,8,13652,0,1560,570
2777,34,0,47760,6125,28,13657,0,1540,560
2778,34,0,47754,6125,36,13662,0,1540,560
2779,34,0,47749,6125,48,13667,0,1540,560
2780,34,0,47746,6126,68,13672,0,1540,560
2781,34,0,47744,6131,76,13677,0,1540,550
2782,34,0,47743,6135,88,13682,0,1540,550
2783,34,0,47741,6147,96,13686,0,1540,550
2784,34,0,47738,6158,104,13691,0,1540,550
2785,34,0,47735,6173,116,13696,0,1530,540
2786,34,0,47732,6191,116,13701,0,1530,540
2787,34,0,47729,6213,124,13706,0,1530,540
2788,34,0,47728,6238,124,13711,0,1540,530
2789,34,0,47728,6265,116,13716,0,1540,530
2790,34,0,47728,6298,116,13721,0,1540,530
2791,34,0,47730,6333,104,13726,0,1540,530
2792,34,0,47736,6369,96,13731,0,1540,530
2793,34,0,47748,6405,88,13736,0,1540,530
2794,34,0,47759,6440,76,13741,0,1540,530
2795,34,0,47771,6474,68,13746,0,1540,530
2796,34,0,47782,6507,56,13751,0,1540,530
2797,34,0,47793,6538,48,13756,0,1540,530
2798,34,0,47802,6564,36,13761,0,1540,530
2799,34,0,47810,6591,36,13766,0,1540,530
2800,34,0,47818,6618,28,13771,0,1560,530
2801,34,0,47826,6644,16,13776,0,1560,530
2802,34,0,47840,6690,8,13781,0,1560,530
2803,34,0,47853,6730,0,13786,0,1560,530
2804,34,0,47866,6766,0,13791,0,1550,540
2805,34,0,47878,6798,0,13796,0,1550,540
2806,34,0,47883,6808,0,13801,0,1550,540
2807,34,0,47888,6818,0,13806,0,1550,540
2808,35,1,47893,6829,0,13807,1072,1550,540
2809,35,1,47896,6838,0,13808,10140,1550,540
2810,35,1,47898,6843,0,13812,14901,1550,540
2811,35,1,47898,6846,0,13817,17333,1540,550
2812,35,1,47899,6846,0,13822,19333,1540,550
2813,35,1,47899,6846,0,13827,20933,1540,550
2814,35,1,47900,6846,0,13832,22014,1550,550
2815,35,1,47901,6846,0,13837,22814,1550,550
2816,35,1,47901,6846,0,13842,23506,1550,550
2817,35,1,47901,6845,0,13847,24098,1550,550
2818,35,1,47901,6844,0,13852,24594,1550,550
2819,35,1,47901,6842,0,13857,25006,1550,550
2820,35,1,47901,6841,0,13862,25294,1550,550
2821,35,1,47901,6841,0,13867,25462,1550,550
2822,35,1,47902,6840,0,13872,25534,1540,560
2823,35,1,47902,6840,0,13877,25542,1540,560
2824,35,1,47902,6838,0,13882,25542,1540,560
2825,35,1,47902,6835,0,13887,25534,1540,560
2826,35,1,47905,6830,0,13892,25486,1540,560
2827,35,1,47912,6821,0,13897,25474,1540,560
2828,35,1,47924,6809,0,13902,25474,1540,560
2829,35,1,47940,6793,0,13907,25750,1560,570
2830,35,1,47957,6776,0,13912,26510,1560,570
2831,35,1,47973,6758,0,13917,26870,1560,570
2832,35,1,47988,6741,0,13922,27014,1550,580
2833,35,1,48000,6723,0,13927,27110,1550,580
2834,35,1,48012,6705,0,13932,27158,1550,580
2835,35,1,48023,6684,0,13937,27166,1550,580
2836,35,1,48033,6662,0,13942,27226,1550,580
2837,35,1,48042,6639,0,13947,27274,1550,580
2838,35,1,48049,6616,0,13952,27286,1540,580
2839,35,1,48055,6594,0,13957,27294,1540,580
2840,35,1,48058,6572,0,13962,27306,1540,580
2841,35,1,48059,6550,0,13967,27366,1540,580
2842,35,1,48059,6527,0,13972,27378,1540,580
2843,35,1,48059,6502,0,13977,27450,1540,580
2844,35,1,48058,6476,0,13982,27546,1540,580
2845,35,1,48050,6449,0,13986,27678,1540,580
2846,35,1,48040,6422,0,13991,27762,1540,580
2847,35,1,48025,6395,0,13996,27762,1540,580
2848,35,1,48006,6364,0,14001,27738,1540,580
2849,35,1,47980,6332,0,14006,27606,1540,580
2850,35,1,47948,6299,0,14011,27558,1540,580
2851,35,1,47910,6266,0,14016,27306,1540,580
2852,35,1,47869,6235,0,14021,26862,1540,580
2853,35,1,47824,6208,0,14026,26202,1540,580
2854,35,1,47779,6185,0,14031,25298,1540,580
2855,35,1,47734,6167,0,14036,23774,1540,580
2856,35,1,47693,6157,0,14041,19533,1540,580
2857,35,1,47649,6149,0,14046,12425,1530,580
2858,35,1,47617,6145,0,14051,1520,1530,580
2859,36,0,47617,6145,0,14056,0,1530,580
2860,36,0,47576,6137,0,14061,0,1540,570
2861,36,0,47570,6134,8,14066,0,1540,570
2862,36,0,47562,6130,16,14071,0,1520,570
2863,36,0,47554,6126,28,14076,0,1520,570
2864,36,0,47545,6122,48,14081,0,1520,570
2865,36,0,47534,6117,56,14086,0,1530,560
2866,36,0,47522,6111,68,14091,0,1520,560
2867,36,0,47509,6105,76,14096,0,1520,560
2868,36,0,47494,6098,76,14101,0,1520,560
2869,36,0,47476,6089,84,14106,0,1520,560
2870,36,0,47456,6078,96,14111,0,1510,540
2871,36,0,47437,6068,104,14116,0,1510,540
2872,36,0,47418,6063,116,14121,0,1510,540
2873,36,0,47400,6049,124,14126,0,1520,540
2874,36,0,47384,6041,124,14131,0,1510,530
2875,36,0,47366,6037,124,14136,0,1510,530
2876,36,0,47349,6030,136,14141,0,1510,530
2877,36,0,47333,6024,136,14146,0,1510,530
2878,36,0,47317,6021,136,14151,0,1510,530
2879,36,0,47303,6020,124,14155,0,1490,530
2880,36,0,47289,6020,124,14160,0,1490,530
2881,36,0,47277,6020,116,14165,0,1490,530
2882,36,0,47266,6028,116,14170,0,1490,530
2883,36,0,47256,6039,104,14175,0,1490,530
2884,36,0,47247,6051,104,14180,0,1490,530
2885,36,0,47244,6063,104,14185,0,1490,530
2886,36,0,47239,6076,96,14190,0,1490,530
2887,36,0,47237,6090,96,14195,0,1490,530
2888,36,0,47237,6104,84,14200,0,1490,530
2889,36,0,47237,6118,84,14205,0,1490,530
2890,36,0,47237,6134,84,14210,0,1490,530
2891,36,0,47242,6149,76,14215,0,1490,530
2892,36,0,47248,6164,76,14220,0,1490,530
2893,36,0,47255,6178,68,14225,0,1510,530
2894,36,0,47262,6192,68,14230,0,1510,530
2895,36,0,47268,6204,68,14235,0,1510,530
2896,36,0,47274,6217,68,14240,0,1510,530
2897,36,0,47280,6229,56,14245,0,1510,530
2898,36,0,47286,6241,56,14250,0,1510,530
2899,36,0,47291,6251,56,14255,0,1510,530
2900,36,0,47296,6260,56,14260,0,1510,530
2901,36,0,47300,6268,56,14265,0,1510,530
2902,36,0,47304,6275,56,14270,0,1510,530
2903,36,0,47306,6281,48,14275,0,1510,530
2904,36,0,47309,6286,48,14280,0,1510,530
2905,36,0,47311,6291,48,14285,0,1520,530
2906,36,0,47313,6296,48,14290,0,1520,530
2907,36,0,47316,6298,48,14295,0,1530,530
2908,36,0,47318,6302,48,14300,0,1530,530
2909,36,0,47320,6304,48,14305,0,1520,540
2910,36,0,47322,6308,48,14310,0,1520,540
2911,36,0,47324,6311,48,14315,0,1520,540
2912,36,0,47325,6314,48,14320,0,1520,540
2913,36,0,47327,6317,48,14325,0,1520,540
2914,36,0,47328,6319,48,14329,0,1520,540
2915,36,0,47328,6321,48,14334,0,1520,540
2916,36,0,47329,6324,36,14339,0,1520,540
2917,36,0,47329,6327,36,14344,0,1520,540
2918,36,0,47329,6330,36,14349,0,1520,540
2919,36,0,47329,6332,36,14354,0,1520,540
2920,36,0,47329,6333,36,14359,0,1520,540
2921,36,0,47329,6334,36,14364,0,1520,540
2922,36,0,47329,6335,48,14369,0,1520,540
2923,36,0,47329,6335,48,14374,0,1520,540
2924,36,0,47329,6335,48,14379,0,1520,540
2925,36,0,47329,6335,48,14384,0,1520,540
2926,36,0,47329,6335,48,14389,0,1520,540
2927,36,0,47329,6335,48,14394,0,1520,540
2928,36,0,47330,6335,48,14399,0,1520,540
2929,36,0,47331,6335,48,14404,0,1520,540
2930,36,0,47332,6335,48,14409,0,1520,540
2931,36,0,47333,6335,48,14414,0,1530,530
2932,36,0,47335,6334,48,14419,0,1530,530
2933,36,0,47336,6334,48,14424,0,1530,530
2934,36,0,47337,6333,48,14429,0,1530,530
2935,36,0,47338,6332,48,14434,0,1530,530
2936,36,0,47339,6331,48,14439,0,1530,530
2937,36,0,47340,6330,48,14444,0,1530,530
2938,36,0,47341,6329,48,14449,0,1530,530
2939,36,0,47341,6328,48,14454,0,1530,530
2940,36,0,47341,6327,48,14459,0,1530,530
2941,36,0,47342,6326,48,14464,0,1530,530
2942,36,0,47343,6326,48,14469,0,1530,530
2943,36,0,47344,6326,48,14474,0,1530,530
2944,36,0,47345,6326,48,14479,0,1530,530
2945,36,0,47347,6326,56,14484,0,1530,530
2946,36,0,47350,6326,56,14489,0,1530,530
2947,36,0,47352,6326,56,14494,0,1530,530
2948,36,0,47355,6326,56,14498,0,1530,530
2949,36,0,47359,6328,56,14503,0,1530,530
2950,36,0,47363,6331,56,14508,0,1540,530
2951,36,0,47367,6335,56,14513,0,1540,530
2952,36,0,47371,6339,68,14518,0,1540,530
2953,36,0,47374,6343,68,14523,0,1540,530
2954,36,0,47378,6347,68,14528,0,1540,530
2955,36,0,47382,6351,68,14533,0,1540,530
2956,36,0,47385,6354,68,14538,0,1540,530
2957,36,0,47388,6356,68,14543,0,1540,530
2958,36,0,47391,6357,68,14548,0,1540,530
2959,36,0,47394,6358,76,14553,0,1540,530
2960,36,0,47395,6358,76,14558,0,1540,530
2961,36,0,47397,6358,76,14563,0,1540,530
2962,36,0,47399,6358,76,14568,0,1540,530
2963,36,0,47400,6358,84,14573,0,1540,530
2964,36,0,47401,6358,84,14578,0,1540,530
2965,36,0,47402,6357,96,14583,0,1540,530
2966,36,0,47403,6353,96,14588,0,1540,530
2967,36,0,47404,6349,104,14593,0,1540,530
2968,36,0,47405,6345,116,14598,0,1550,520
2969,36,0,47406,6340,116,14603,0,1550,520
2970,36,0,47407,6334,124,14608,0,1550,520
2971,36,0,47408,6324,136,14613,0,1550,520
2972,36,0,47408,6320,144,14618,0,1550,520
2973,36,0,47408,6313,164,14623,0,1550,520
2974,36,0,47408,6309,172,14628,0,1550,520
2975,36,0,47408,6301,192,14633,0,1550,520
2976,36,0,47408,6289,204,14638,0,1550,520
2977,36,0,47408,6277,220,14643,0,1560,510
2978,36,0,47406,6272,232,14648,0,1560,510
2979,36,0,47402,6257,252,14653,0,1560,510
2980,36,0,47400,6247,260,14658,0,1560,510
2981,36,0,47397,6243,272,14663,0,1560,510
2982,36,0,47393,6239,280,14668,0,1560,510
2983,36,0,47391,6235,288,14672,0,1560,510
2984,36,0,47388,6227,308,14677,0,1560,510
2985,36,0,47386,6219,328,14682,0,1560,510
2986,36,0,47386,6216,341,14687,0,1570,510
2987,36,0,47386,6208,357,14692,0,1570,510
2988,36,0,47390,6198,369,14697,0,1570,510
2989,36,0,47395,6196,377,14702,0,1570,510
2990,36,0,47403,6192,397,14707,0,1570,510
2991,36,0,47411,6189,409,14712,0,1570,510
2992,36,0,47420,6189,417,14717,0,1570,500
2993,36,0,47429,6189,425,14722,0,1570,500
2994,36,0,47433,6189,437,14727,0,1580,490
2995,36,0,47443,6199,445,14732,0,1590,490
2996,36,0,47447,6202,457,14737,0,1590,490
2997,36,0,47453,6207,465,14742,0,1590,490
2998,36,0,47458,6219,465,14747,0,1590,500
2999,36,0,47465,6224,465,14752,0,1600,500
3000,36,0,47472,6246,465,14757,0,1600,500
3001,36,0,47483,6271,465,14762,0,1600,500
3002,36,0,47487,6306,465,14767,0,1610,500
3003,36,0,47493,6350,465,14772,0,1610,500
3004,36,0,47493,6350,465,14777,0,0,900
3005,36,0,47494,6405,465,14787,0,0,900
3006,36,0,41312,8657,465,15684,0,1950,580
3007,36,0,41312,8657,465,15689,0,1920,560
3008,36,0,41312,8657,465,15694,0,1890,560
3009,36,0,41312,8657,465,15699,0,1870,540
3010,36,0,41317,8653,465,15704,0,1850,530
3011,36,0,41322,8650,465,15709,0,1850,520
3012,36,0,41327,8646,465,15713,0,1840,510
3013,36,0,41329,8646,465,15718,0,1820,500
3014,36,0,41329,8645,465,15723,0,1820,490
3015,36,0,41334,8642,465,15728,0,1810,470
3016,36,0,41338,8638,465,15733,0,1810,460
3017,36,0,41340,8629,465,15738,0,1800,450
3018,36,0,41340,8619,465,15743,0,1800,430
3019,36,0,41340,8603,465,15748,0,1790,420
3020,36,0,41340,8581,465,15753,0,1790,410
3021,36,0,41338,8575,465,15758,0,1780,400
3022,36,0,41333,8570,465,15763,0,1780,390
3023,36,0,41329,8565,465,15768,0,1780,390
3024,36,0,41326,8561,465,15773,0,1780,380
3025,36,0,41326,8550,465,15778,0,1780,380
3026,36,0,41326,8540,465,15783,0,1780,370
3027,36,0,41331,8533,465,15788,0,1780,370
3028,36,0,41352,8525,465,15793,0,1780,370
3029,36,0,41381,8514,465,15798,0,1780,370
3030,36,0,41416,8509,465,15803,0,1780,370
3031,36,0,41442,8502,465,15808,0,1780,370
3032,36,0,41468,8501,465,15813,0,1780,380
3033,36,0,41491,8498,465,15818,0,1780,370
3034,36,0,41514,8498,465,15823,0,1780,370
3035,36,0,41533,8495,465,15828,0,1780,370
3036,36,0,41533,8491,465,15833,0,1780,380
3037,36,0,41533,8488,465,15838,0,1780,370
3038,36,0,41537,8482,465,15843,0,1780,360
3039,36,0,41539,8477,465,15848,0,1780,360
3040,36,0,41548,8471,465,15853,0,1780,350
3041,36,0,41553,8459,465,15858,0,1780,340
3042,36,0,41554,8449,465,15863,0,1770,350
3043,36,0,41554,8433,465,15868,0,1770,350
3044,36,0,41554,8431,465,15873,0,1770,350
3045,36,0,41548,8425,465,15878,0,1770,350
3046,36,0,41539,8419,465,15882,0,1770,360
3047,36,0,41531,8413,465,15887,0,1770,360
3048,36,0,41521,8410,465,15892,0,1770,360
3049,36,0,41513,8405,465,15897,0,1770,360
3050,36,0,41505,8403,465,15902,0,1770,360
3051,36,0,41500,8396,465,15907,0,1770,360
3052,36,0,41498,8396,465,15912,0,1770,360
3053,36,0,41498,8394,465,15917,0,1770,350
3054,36,0,41502,8394,465,15922,0,1770,360
3055,36,0,41522,8394,465,15927,0,1770,360
3056,36,0,41551,8394,465,15932,0,1770,360
3057,36,0,41581,8394,465,15937,0,1770,350
3058,36,0,41600,8394,465,15942,0,1770,360
3059,36,0,41618,8394,465,15947,0,1770,350
3060,36,0,41618,8394,465,15952,0,1770,350
3061,36,0,41621,8394,465,15957,0,1760,350
3062,36,0,41625,8394,465,15962,0,1760,350
3063,36,0,41628,8394,465,15967,0,1760,350
3064,36,0,41636,8394,465,15972,0,1760,350
3065,36,0,41642,8394,465,15977,0,1760,360
3066,36,0,41645,8395,465,15982,0,1760,350
3067,36,0,41645,8404,465,15987,0,1760,360
3068,36,0,41645,8404,465,15992,0,1760,360
3069,36,0,41645,8405,465,15997,0,1760,350
3070,36,0,41644,8405,465,16002,0,1760,350
3071,36,0,41642,8405,465,16007,0,1760,350
3072,36,0,41641,8405,465,16012,0,1760,350
3073,36,0,41641,8405,465,16017,0,1760,350
3074,36,0,41641,8401,465,16022,0,1750,350
3075,36,0,41645,8389,465,16027,0,1750,350
3076,36,0,41651,8387,465,16032,0,1750,340
3077,36,0,41666,8382,465,16037,0,1750,350
3078,36,0,41671,8379,465,16042,0,1750,350
3079,36,0,41682,8376,465,16047,0,1750,360
3080,36,0,41690,8376,465,16052,0,1750,360
3081,36,0,41698,8376,465,16056,0,1750,360
3082,36,0,41706,8376,465,16061,0,1740,360
3083,36,0,41712,8377,465,16066,0,1740,360
3084,36,0,41718,8377,465,16071,0,1740,360
3085,36,0,41724,8377,465,16076,0,1740,350
3086,36,0,41733,8383,465,16081,0,1740,370
3087,36,0,41746,8390,465,16086,0,1730,370
3088,36,0,41767,8398,465,16091,0,1730,360
3089,36,0,41799,8421,465,16096,0,1730,360
3090,36,0,41845,8445,465,16101,0,1730,360
3091,36,0,41885,8463,465,16106,0,1730,360
3092,36,0,41918,8465,465,16111,0,1730,360
3093,36,0,41918,8465,465,16116,0,0,900
3094,36,0,41933,8492,465,16153,0,0,900
3095,36,0,42020,8536,465,16169,0,0,900
3096,36,0,42131,8626,465,16189,0,0,900
3097,36,0,42228,8698,465,16204,0,0,900
3098,36,0,42307,8727,465,16220,0,0,900
3099,36,0,42384,8717,465,16243,0,0,900
3100,36,0,44697,6804,465,16490,0,1690,660
3101,36,0,44688,6812,465,16495,0,1670,640
3102,36,0,44659,6812,465,16500,0,1660,620
3103,36,0,44649,6812,465,16505,0,1650,610
3104,36,0,44604,6805,465,16510,0,1640,600
3105,36,0,44552,6797,465,16515,0,1650,590
3106,36,0,44497,6772,465,16520,0,1640,570
3107,36,0,44440,6771,465,16525,0,1650,560
3108,36,0,44390,6749,465,16530,0,1650,550
3109,36,0,44348,6749,465,16535,0,1650,530
3110,36,0,44311,6745,465,16540,0,1660,520
3111,36,0,44280,6754,465,16545,0,1670,500
3112,36,0,44254,6776,465,16550,0,1670,500
3113,36,0,44232,6802,465,16555,0,1670,490
3114,36,0,44232,6830,465,16560,0,1670,480
3115,36,0,44230,6861,465,16564,0,1680,470
3116,36,0,44226,6894,465,16569,0,1680,470
3117,36,0,44225,6925,465,16574,0,1680,460
3118,36,0,44213,6958,465,16579,0,1690,460
3119,36,0,44213,6986,465,16584,0,1700,460
3120,36,0,44229,7013,457,16589,0,1700,460
3121,36,0,44269,7040,457,16594,0,1710,460
3122,36,0,44327,7067,457,16599,0,1710,460
3123,36,0,44371,7096,445,16604,0,1720,460
3124,36,0,44414,7123,437,16609,0,1720,460
3125,36,0,44450,7146,425,16614,0,1730,450
3126,36,0,44477,7152,417,16619,0,1730,450
3127,36,0,44480,7157,417,16624,0,1730,450
3128,36,0,44480,7159,409,16629,0,1730,450
3129,36,0,44480,7160,409,16634,0,1740,450
3130,36,0,44442,7166,397,16639,0,1740,450
3131,36,0,44400,7166,397,16644,0,1740,450
3132,36,0,44352,7166,389,16649,0,1740,450
3133,36,0,44300,7164,389,16654,0,1750,450
3134,36,0,44224,7155,377,16659,0,1750,450
3135,36,0,44160,7140,377,16664,0,1750,450
3136,36,0,44136,7137,369,16669,0,1750,460
3137,36,0,44049,7130,369,16674,0,1750,460
3138,36,0,44025,7124,369,16679,0,1760,460
3139,36,0,43994,7120,357,16684,0,1760,460
3140,36,0,43964,7118,357,16689,0,1760,460
3141,36,0,43937,7118,349,16694,0,1760,460
3142,36,0,43910,7118,349,16699,0,1760,460
3143,36,0,43885,7118,349,16704,0,1770,460
3144,36,0,43858,7119,341,16709,0,1770,460
3145,36,0,43829,7122,341,16714,0,1770,460
3146,36,0,43796,7125,341,16719,0,1770,460
3147,36,0,43744,7129,341,16724,0,1770,460
3148,36,0,43669,7133,349,16729,0,1770,460
3149,36,0,43568,7138,349,16734,0,1770,460
3150,36,0,43435,7143,349,16738,0,1760,460
3151,36,0,43278,7148,349,16743,0,1760,460
3152,36,0,43095,7155,349,16748,0,1760,460
3153,36,0,42892,7163,341,16753,0,1760,460
3154,36,0,42681,7175,328,16758,0,1760,470
3155,36,0,42488,7184,328,16763,0,1760,470
3156,36,0,42320,7191,320,16768,0,1760,460
3157,36,0,42176,7199,320,16773,0,1760,460
3158,36,0,42054,7209,320,16778,0,1760,470
3159,36,0,41932,7221,320,16783,0,1760,470
3160,36,0,41806,7227,320,16788,0,1760,470
3161,36,0,41674,7242,320,16793,0,1760,470
3162,36,0,41533,7246,328,16798,0,1760,470
3163,36,0,41384,7256,328,16803,0,1760,470
3164,36,0,41227,7265,328,16808,0,1760,470
3165,36,0,41042,7275,320,16813,0,1760,470
3166,36,0,40851,7288,308,16818,0,1760,470
3167,36,0,40657,7295,308,16823,0,1760,470
3168,36,0,40487,7307,308,16828,0,1760,470
3169,36,0,40345,7312,308,16833,0,1760,480
3170,36,0,40212,7329,320,16838,0,1740,480
3171,36,0,40089,7345,320,16843,0,1740,480
3172,36,0,39957,7352,320,16848,0,1740,480
3173,36,0,39853,7369,328,16853,0,1740,480
3174,36,0,39776,7374,320,16858,0,1740,480
3175,36,0,39724,7377,320,16863,0,1740,480
3176,36,0,39699,7386,308,16868,0,1740,480
3177,36,0,39693,7392,300,16873,0,1740,480
3178,36,0,39690,7398,288,16878,0,1760,480
3179,36,0,39690,7401,280,16883,0,1760,480
3180,36,0,39682,7403,280,16888,0,1760,480
3181,36,0,39683,7406,272,16893,0,1770,480
3182,36,0,39703,7409,272,16898,0,1770,480
3183,36,0,39716,7412,272,16903,0,1780,480
3184,36,0,39722,7414,272,16907,0,1780,480
3185,36,0,39743,7417,272,16912,0,1780,470
3186,36,0,39762,7419,272,16917,0,1780,470
3187,36,0,39789,7420,272,16922,0,1780,480
3188,36,0,39818,7420,272,16927,0,1780,480
3189,36,0,39851,7420,272,16932,0,1780,480
3190,36,0,39886,7420,280,16937,0,1780,480
3191,36,0,39921,7420,280,16942,0,1780,470
3192,36,0,39960,7414,288,16947,0,1780,470
3193,36,0,39991,7403,300,16952,0,1780,470
3194,36,0,40003,7397,308,16957,0,1780,470
3195,36,0,40041,7382,320,16962,0,1780,470
3196,36,0,40060,7363,320,16967,0,1780,470
3197,36,0,40079,7341,320,16972,0,1780,470
3198,36,0,40094,7324,328,16977,0,1770,470
3199,36,0,40099,7305,328,16982,0,1770,470
3200,36,0,40103,7285,328,16987,0,1770,470
3201,36,0,40106,7264,328,16992,0,1770,470
3202,36,0,40114,7243,320,16997,0,1770,470
3203,36,0,40119,7223,320,17002,0,1770,460
3204,36,0,40121,7200,320,17007,0,1770,460
3205,36,0,40121,7179,308,17012,0,1770,460
3206,36,0,40121,7159,308,17017,0,1770,460
3207,36,0,40121,7140,300,17022,0,1770,470
3208,36,0,40117,7125,288,17027,0,1780,470
3209,36,0,40112,7112,280,17032,0,1780,460
3210,36,0,40106,7098,280,17037,0,1780,460
3211,36,0,40100,7085,272,17042,0,1780,460
3212,36,0,40097,7081,260,17047,0,1780,460
3213,36,0,40094,7078,260,17052,0,1790,460
3214,36,0,40092,7070,252,17057,0,1790,460
3215,36,0,40092,7065,252,17062,0,1790,470
3216,36,0,40092,7063,240,17067,0,1790,470
3217,36,0,40097,7062,240,17072,0,1790,460
3218,36,0,40109,7062,240,17077,0,1790,460
3219,36,0,40125,7062,240,17081,0,1790,460
3220,36,0,40138,7062,240,17086,0,1790,460
3221,36,0,40153,7062,240,17091,0,1790,460
3222,36,0,40169,7063,240,17096,0,1790,460
3223,36,0,40186,7067,240,17101,0,1790,460
3224,36,0,40205,7071,240,17106,0,1790,460
3225,36,0,40224,7075,240,17111,0,1790,460
3226,36,0,40244,7078,240,17116,0,1790,460
3227,36,0,40265,7082,240,17121,0,1790,460
3228,36,0,40286,7085,252,17126,0,1790,460
3229,36,0,40307,7087,240,17131,0,1790,460
3230,36,0,40328,7089,240,17136,0,1790,460
3231,36,0,40348,7091,240,17141,0,1790,470
3232,36,0,40370,7092,232,17146,0,1790,470
3233,36,0,40391,7093,232,17151,0,1790,470
3234,36,0,40411,7094,232,17156,0,1790,470
3235,36,0,40431,7095,220,17161,0,1790,470
3236,36,0,40447,7096,220,17166,0,1790,470
3237,36,0,40463,7096,212,17171,0,1790,470
3238,36,0,40478,7097,212,17176,0,1790,470
3239,36,0,40494,7098,204,17181,0,1790,470
3240,36,0,40509,7100,192,17186,0,1790,470
3241,36,0,40523,7102,192,17191,0,1790,470
3242,36,0,40536,7104,184,17196,0,1790,470
3243,36,0,40548,7107,184,17201,0,1790,480
3244,36,0,40559,7111,184,17206,0,1790,480
3245,36,0,40570,7115,184,17211,0,1790,480
3246,36,0,40581,7119,172,17216,0,1790,480
3247,36,0,40592,7124,172,17221,0,1790,480
3248,36,0,40603,7129,172,17226,0,1790,480
3249,36,0,40613,7137,164,17231,0,1790,480
3250,36,0,40623,7142,164,17236,0,1790,480
3251,36,0,40633,7148,164,17241,0,1790,480
3252,36,0,40643,7153,152,17246,0,1790,480
3253,36,0,40654,7159,152,17250,0,1790,480
3254,36,0,40663,7164,152,17255,0,1790,480
3255,36,0,40667,7169,144,17260,0,1790,480
3256,36,0,40676,7174,144,17265,0,1790,480
3257,36,0,40682,7177,144,17270,0,1790,480
3258,36,0,40687,7180,136,17275,0,1790,490
3259,36,0,40692,7183,136,17280,0,1790,490
3260,36,0,40694,7185,124,17285,0,1790,490
3261,36,0,40696,7187,124,17290,0,1790,490
3262,36,0,40696,7189,124,17295,0,1790,490
3263,36,0,40696,7190,124,17300,0,1790,490
3264,36,0,40696,7191,124,17305,0,1790,490
3265,36,0,40696,7192,136,17310,0,1790,490
3266,36,0,40696,7192,124,17315,0,1790,490
3267,36,0,40696,7193,124,17320,0,1790,490
3268,36,0,40696,7193,124,17325,0,1790,490
3269,36,0,40696,7194,116,17330,0,1790,500
3270,36,0,40700,7195,116,17335,0,1790,500
3271,36,0,40705,7195,104,17340,0,1790,500
3272,36,0,40711,7196,104,17345,0,1790,500
3273,36,0,40717,7196,96,17350,0,1790,500
3274,36,0,40728,7197,84,17355,0,1790,500
3275,36,0,40734,7199,76,17360,0,1790,500
3276,36,0,40738,7201,68,17365,0,1790,500
3277,36,0,40741,7205,56,17370,0,1790,510
3278,36,0,40742,7210,48,17375,0,1790,510
3279,36,0,40743,7224,48,17380,0,1790,510
3280,36,0,40743,7239,36,17385,0,1790,510
3281,36,0,40745,7252,28,17390,0,1790,510
3282,36,0,40746,7264,28,17395,0,1790,520
3283,36,0,40749,7266,0,17400,0,1790,520
3284,36,0,40753,7268,0,17405,0,1790,520
3285,36,0,40756,7270,0,17410,0,1790,520
3286,36,0,40760,7272,0,17415,0,1800,520
3287,36,0,40763,7273,0,17420,0,1800,520
3288,36,0,40765,7275,0,17424,0,1800,530
3289,36,0,40766,7276,0,17429,0,1800,530
3290,37,1,40766,7278,0,17435,1128,1800,530
3291,37,1,40766,7278,0,17440,7164,1800,530
3292,37,1,40766,7278,0,17445,11261,1800,530
3293,37,1,40766,7278,0,17450,13669,1800,530
3294,37,1,40766,7278,0,17455,15829,1800,530
3295,37,1,40766,7278,0,17459,17589,1800,530
3296,37,1,40766,7278,0,17464,18933,1800,530
3297,37,1,40767,7278,0,17469,19941,1800,530
3298,37,1,40769,7278,0,17474,20637,1800,530
3299,37,1,40770,7278,0,17479,21125,1800,530
3300,37,1,40772,7278,0,17484,21501,1800,530
3301,37,1,40774,7278,0,17489,21769,1800,530
3302,37,1,40777,7278,0,17494,21950,1800,540
3303,37,1,40780,7278,0,17499,22110,1810,540
3304,37,1,40786,7273,0,17504,22258,1810,540
3305,37,1,40793,7265,0,17509,22266,1810,540
3306,37,1,40803,7256,0,17514,22938,1810,540
3307,37,1,40814,7247,0,17519,23470,1830,540
3308,37,1,40826,7237,0,17524,23686,1830,540
3309,37,1,40838,7227,0,17529,23830,1830,540
3310,37,1,40850,7218,0,17534,23926,1830,540
3311,37,1,40863,7207,0,17539,24038,1830,540
3312,37,1,40876,7197,0,17544,24098,1830,540
3313,37,1,40887,7187,0,17549,24106,1830,540
3314,37,1,40897,7176,0,17554,24110,1830,540
3315,37,1,40906,7167,0,17559,24110,1830,540
3316,37,1,40912,7157,0,17564,24114,1840,540
3317,37,1,40917,7148,0,17569,24118,1840,540
3318,37,1,40920,7140,0,17574,24190,1840,540
3319,37,1,40921,7131,0,17579,24250,1840,540
3320,37,1,40922,7122,0,17584,24258,1840,550
3321,37,1,40922,7113,0,17589,24266,1840,550
3322,37,1,40922,7103,0,17594,24270,1840,550
3323,37,1,40922,7093,0,17599,24270,1840,550
3324,37,1,40922,7082,0,17604,24274,1840,550
3325,37,1,40919,7069,0,17609,24286,1840,550
3326,37,1,40911,7054,0,17614,24298,1840,550
3327,37,1,40900,7037,0,17619,24346,1840,550
3328,37,1,40885,7020,0,17624,24394,1840,550
3329,37,1,40867,7002,0,17629,24398,1840,550
3330,37,1,40845,6984,0,17633,24410,1840,550
3331,37,1,40818,6967,0,17638,24458,1840,550
3332,37,1,40787,6951,0,17643,24458,1840,550
3333,37,1,40752,6936,0,17648,24130,1840,550
3334,37,1,40712,6922,0,17653,23754,1840,550
3335,37,1,40671,6911,0,17658,23114,1840,550
3336,37,1,40629,6904,0,17663,22110,1830,550
3337,37,1,40588,6899,0,17668,20477,1830,550
3338,37,1,40551,6899,0,17673,15993,1830,550
3339,37,1,40516,6899,0,17678,8848,1810,550
3340,37,1,40491,6899,0,17683,196,1810,550
3341,38,0,40491,6899,0,17688,0,1810,550
3342,38,0,40465,6900,0,17693,0,1810,550
3343,38,0,40464,6902,8,17698,0,1810,550
3344,38,0,40463,6905,16,17703,0,1800,540
3345,38,0,40461,6909,28,17708,0,1800,540
3346,38,0,40459,6912,36,17713,0,1800,540
3347,38,0,40457,6916,48,17718,0,1800,540
3348,38,0,40453,6920,56,17723,0,1790,530
3349,38,0,40448,6925,68,17728,0,1790,530
3350,38,0,40442,6931,76,17733,0,1790,530
3351,38,0,40434,6939,88,17738,0,1790,520
3352,38,0,40424,6948,96,17743,0,1770,520
3353,38,0,40415,6957,104,17748,0,1770,520
3354,38,0,40411,6961,104,17753,0,1770,520
3355,38,0,40398,6976,116,17758,0,1780,510
3356,38,0,40395,6986,116,17763,0,1780,510
3357,38,0,40388,6998,124,17768,0,1780,510
3358,38,0,40383,7011,124,17773,0,1780,510
3359,38,0,40379,7024,124,17778,0,1780,500
3360,38,0,40379,7037,124,17783,0,1780,500
3361,38,0,40379,7051,124,17788,0,1780,500
3362,38,0,40379,7064,124,17793,0,1780,500
3363,38,0,40387,7078,124,17798,0,1780,490
3364,38,0,40397,7092,116,17802,0,1780,490
3365,38,0,40407,7106,116,17807,0,1780,490
3366,38,0,40419,7123,116,17812,0,1780,490
3367,38,0,40431,7139,104,17817,0,1780,490
3368,38,0,40442,7155,104,17822,0,1780,490
3369,38,0,40452,7172,96,17827,0,1780,490
3370,38,0,40455,7186,96,17832,0,1780,490
3371,38,0,40461,7200,88,17837,0,1780,490
3372,38,0,40467,7214,88,17842,0,1780,490
3373,38,0,40473,7228,76,17847,0,1780,490
3374,38,0,40477,7242,76,17852,0,1780,490
3375,38,0,40480,7255,76,17857,0,1780,500
3376,38,0,40483,7268,76,17862,0,1780,500
3377,38,0,40485,7280,76,17867,0,1780,500
3378,38,0,40489,7293,68,17872,0,1780,500
3379,38,0,40492,7305,68,17877,0,1780,500
3380,38,0,40495,7316,68,17882,0,1780,500
3381,38,0,40498,7327,68,17887,0,1780,500
3382,38,0,40500,7336,68,17892,0,1780,500
3383,38,0,40501,7345,68,17897,0,1780,500
3384,38,0,40502,7354,68,17902,0,1780,500
3385,38,0,40502,7362,56,17907,0,1780,500
3386,38,0,40502,7370,56,17912,0,1780,500
3387,38,0,40502,7378,56,17917,0,1780,500
3388,38,0,40502,7385,56,17922,0,1780,500
3389,38,0,40502,7392,56,17927,0,1780,500
3390,38,0,40502,7399,48,17932,0,1780,500
3391,38,0,40499,7406,48,17937,0,1780,500
3392,38,0,40497,7413,48,17942,0,1780,500
3393,38,0,40494,7420,48,17947,0,1780,500
3394,38,0,40493,7429,48,17952,0,1780,500
3395,38,0,40492,7438,48,17957,0,1780,500
3396,38,0,40492,7449,48,17962,0,1780,500
3397,38,0,40492,7461,48,17967,0,1780,500
3398,38,0,40492,7475,36,17972,0,1780,500
3399,38,0,40492,7490,36,17976,0,1790,500
3400,38,0,40494,7506,36,17981,0,1790,500
3401,38,0,40498,7522,36,17986,0,1790,500
3402,38,0,40504,7539,36,17991,0,1790,500
3403,38,0,40509,7556,36,17996,0,1790,500
3404,38,0,40514,7573,36,18001,0,1790,500
3405,38,0,40519,7589,36,18006,0,1790,500
3406,38,0,40523,7605,36,18011,0,1790,500
3407,38,0,40527,7621,36,18016,0,1790,500
3408,38,0,40530,7637,28,18021,0,1790,500
3409,38,0,40531,7664,28,18026,0,1790,500
3410,38,0,40532,7687,28,18031,0,1790,500
3411,38,0,40532,7708,28,18036,0,1790,500
3412,38,0,40532,7725,16,18041,0,1790,500
3413,38,0,40532,7728,16,18046,0,1790,500
3414,38,0,40532,7733,0,18051,0,1790,500
3415,38,0,40532,7737,0,18056,0,1790,500
3416,38,0,40532,7743,0,18061,0,1790,500
3417,38,0,40532,7748,0,18066,0,1790,500
3418,38,0,40532,7752,0,18071,0,1790,500
3419,38,0,40532,7756,0,18076,0,1790,500
3420,38,0,40532,7760,0,18081,0,1790,500
3421,38,0,40531,7763,0,18086,0,1790,500
3422,39,1,40530,7765,0,18091,3140,1790,500
3423,39,1,40529,7767,0,18096,8788,1790,510
3424,39,1,40528,7767,0,18101,11721,1790,510
3425,39,1,40527,7767,0,18106,14045,1790,510
3426,39,1,40527,7767,0,18111,15825,1790,510
3427,39,1,40526,7768,0,18116,17173,1790,510
3428,39,1,40525,7768,0,18121,18053,1790,510
3429,39,1,40525,7768,0,18126,18621,1790,510
3430,39,1,40524,7768,0,18130,18993,1790,510
3431,39,1,40524,7768,0,18135,19165,1790,510
3432,39,1,40524,7768,0,18140,19249,1790,510
3433,39,1,40524,7767,0,18145,19257,1790,510
3434,39,1,40524,7764,0,18150,19257,1790,510
3435,39,1,40524,7759,0,18155,19245,1790,510
3436,39,1,40524,7751,0,18160,19245,1790,510
3437,39,1,40524,7739,0,18165,19493,1790,510
3438,39,1,40524,7724,0,18170,19761,1790,510
3439,39,1,40524,7706,0,18175,20385,1790,510
3440,39,1,40524,7688,0,18180,20861,1790,520
3441,39,1,40524,7669,0,18185,21129,1790,520
3442,39,1,40523,7649,0,18190,21273,1790,520
3443,39,1,40521,7629,0,18195,21397,1790,520
3444,39,1,40518,7608,0,18200,21481,1790,520
3445,39,1,40515,7584,0,18205,21565,1790,520
3446,39,1,40510,7558,0,18210,21625,1790,530
3447,39,1,40503,7528,0,18215,21749,1790,530
3448,39,1,40495,7496,0,18220,21846,1790,530
3449,39,1,40485,7462,0,18225,21942,1790,530
3450,39,1,40472,7427,0,18230,22042,1790,530
3451,39,1,40458,7391,0,18235,22138,1790,540
3452,39,1,40442,7355,0,18240,22218,1790,540
3453,39,1,40424,7319,0,18245,22222,1790,540
3454,39,1,40406,7285,0,18250,22222,1790,540
3455,39,1,40386,7253,0,18255,22270,1790,540
3456,39,1,40366,7224,0,18260,22270,1790,540
3457,39,1,40345,7196,0,18265,22270,1790,540
3458,39,1,40325,7171,0,18270,22270,1790,540
3459,39,1,40306,7148,0,18275,22258,1770,550
3460,39,1,40289,7128,0,18280,22150,1770,550
3461,39,1,40274,7113,0,18285,22026,1770,550
3462,39,1,40261,7101,0,18290,21870,1770,550
3463,39,1,40249,7093,0,18295,21725,1770,550
3464,39,1,40239,7089,0,18299,21725,1760,550
3465,39,1,40229,7088,0,18304,21781,1760,550
3466,39,1,40218,7088,0,18309,21902,1760,550
3467,39,1,40206,7088,0,18314,22050,1760,550
3468,39,1,40194,7088,0,18319,22170,1760,550
3469,39,1,40182,7094,0,18324,22266,1760,550
3470,39,1,40171,7101,0,18329,22362,1760,550
3471,39,1,40161,7107,0,18334,22450,1740,550
3472,39,1,40153,7114,0,18339,22510,1740,550
3473,39,1,40146,7120,0,18344,22522,1740,550
3474,39,1,40141,7125,0,18349,22570,1740,550
3475,39,1,40136,7131,0,18354,22570,1740,550
3476,39,1,40132,7137,0,18359,22570,1740,550
3477,39,1,40129,7143,0,18364,22486,1740,550
3478,39,1,40126,7149,0,18369,22410,1740,550
3479,39,1,40124,7153,0,18374,22398,1740,550
3480,39,1,40122,7155,0,18379,22386,1740,550
3481,39,1,40121,7156,0,18384,22326,1740,550
3482,39,1,40120,7157,0,18389,22278,1740,550
3483,39,1,40118,7157,0,18394,22194,1740,550
3484,39,1,40115,7157,0,18399,22086,1740,550
3485,39,1,40109,7157,0,18404,21998,1740,550
3486,39,1,40101,7157,0,18409,21954,1740,550
3487,39,1,40089,7151,0,18414,21954,1740,550
3488,39,1,40073,7141,0,18419,22026,1730,550
3489,39,1,40054,7127,0,18424,22150,1730,550
3490,39,1,40030,7109,0,18429,22342,1730,550
3491,39,1,40004,7087,0,18434,22622,1730,550
3492,39,1,39974,7061,0,18439,22926,1730,550
3493,39,1,39941,7033,0,18444,23506,1710,550
3494,39,1,39906,7005,0,18449,23950,1710,560
3495,39,1,39869,6976,0,18454,24218,1710,560
3496,39,1,39831,6945,0,18459,24422,1710,560
3497,39,1,39791,6915,0,18464,24554,1710,560
3498,39,1,39750,6883,0,18469,24654,1700,560
3499,39,1,39708,6852,0,18473,24702,1700,560
3500,39,1,39667,6822,0,18478,24826,1700,560
3501,39,1,39625,6792,0,18483,24874,1690,570
3502,39,1,39585,6765,0,18488,24878,1680,560
3503,39,1,39548,6741,0,18493,24882,1680,560
3504,39,1,39515,6723,0,18498,24882,1680,560
3505,39,1,39487,6708,0,18503,24614,1680,560
3506,39,1,39462,6699,0,18508,23886,1660,560
3507,39,1,39441,6694,0,18513,22678,1660,560
3508,39,1,39421,6693,0,18518,20977,1660,560
3509,39,1,39402,6693,0,18523,16389,1660,560
3510,39,1,39385,6703,0,18528,8532,1650,560
3511,39,1,39373,6718,0,18533,80,1650,560
3512,40,0,39373,6718,0,18538,0,1650,550
3513,40,0,39363,6755,0,18543,0,1650,550
3514,40,0,39363,6772,20,18548,0,1650,550
3515,40,0,39363,6795,48,18553,0,1660,540
3516,40,0,39366,6821,68,18558,0,1660,540
3517,40,0,39377,6849,100,18563,0,1660,530
3518,40,0,39393,6879,128,18568,0,1660,530
3519,40,0,39413,6911,160,18573,0,1670,520
3520,40,0,39438,6943,180,18578,0,1670,510
3521,40,0,39466,6975,188,18583,0,1670,510
3522,40,0,39498,7006,200,18588,0,1680,500
3523,40,0,39533,7035,200,18593,0,1680,490
3524,40,0,39576,7070,200,18598,0,1680,490
3525,40,0,39627,7112,208,18603,0,1690,480
3526,40,0,39687,7160,208,18608,0,1690,480
3527,40,0,39758,7215,208,18613,0,1700,490
3528,40,0,39835,7270,200,18618,0,1700,490
3529,40,0,39917,7324,200,18623,0,1700,480
3530,40,0,40002,7378,200,18628,0,1700,480
3531,40,0,40089,7430,188,18633,0,1710,480
3532,40,0,40176,7481,188,18638,0,1710,480
3533,40,0,40261,7531,180,18642,0,1710,480
3534,40,0,40355,7587,180,18647,0,1710,480
3535,40,0,40444,7641,168,18652,0,1720,480
3536,40,0,40529,7695,160,18657,0,1720,480
3537,40,0,40609,7749,148,18662,0,1730,480
3538,40,0,40672,7796,148,18667,0,1730,480
3539,40,0,40737,7849,140,18672,0,1730,480
3540,40,0,40795,7900,128,18677,0,1740,480
3541,40,0,40848,7948,128,18682,0,1740,480
3542,40,0,40896,7993,120,18687,0,1760,480
3543,40,0,40932,8029,108,18692,0,1760,480
3544,40,0,40966,8062,108,18697,0,1750,490
3545,40,0,40998,8092,100,18702,0,1770,490
3546,40,0,41029,8121,100,18707,0,1770,490
3547,40,0,41063,8150,88,18712,0,1770,490
3548,40,0,41098,8177,80,18717,0,1780,490
3549,40,0,41133,8202,68,18722,0,1780,500
3550,40,0,41174,8227,60,18727,0,1780,500
3551,40,0,41212,8248,48,18732,0,1790,500
3552,40,0,41250,8267,40,18737,0,1790,500
3553,40,0,41288,8285,28,18742,0,1790,510
3554,40,0,41321,8300,20,18747,0,1790,510
3555,40,0,41351,8314,20,18752,0,1800,510
3556,40,0,41396,8338,8,18757,0,1800,510
3557,40,0,41434,8361,8,18762,0,1800,510
3558,40,0,41465,8381,0,18767,0,1810,510
3559,40,0,41491,8399,0,18772,0,1810,520
3560,40,0,41496,8404,0,18777,0,1810,520
3561,40,0,41503,8410,0,18782,0,1810,520
3562,40,0,41510,8417,0,18787,0,1830,520
3563,40,0,41519,8425,0,18792,0,1830,520
3564,41,1,41529,8434,0,18793,696,1830,520
3565,41,1,41539,8442,0,18794,2992,1830,520
3566,41,1,41549,8449,0,18795,5544,1830,520
3567,41,1,41561,8455,0,18800,7644,1830,520
3568,41,1,41574,8460,0,18805,9072,1830,520
3569,41,1,41586,8466,0,18810,10144,1840,520
3570,41,1,41597,8470,0,18815,11073,1840,520
3571,41,1,41605,8476,0,18820,12113,1840,520
3572,41,1,41611,8480,0,18825,13293,1840,520
3573,41,1,41615,8483,0,18829,14649,1840,520
3574,41,1,41616,8484,0,18834,15921,1840,520
3575,41,1,41617,8484,0,18839,17009,1840,530
3576,41,1,41617,8484,0,18844,17953,1850,530
3577,41,1,41617,8484,0,18849,18753,1850,530
3578,41,1,41617,8484,0,18854,19417,1850,530
3579,41,1,41617,8484,0,18859,19957,1850,530
3580,41,1,41614,8484,0,18864,20469,1850,530
3581,41,1,41610,8484,0,18869,20921,1850,530
3582,41,1,41606,8484,0,18874,21225,1850,530
3583,41,1,41602,8482,0,18879,21445,1850,530
3584,41,1,41598,8481,0,18884,21649,1850,530
3585,41,1,41592,8476,0,18889,21749,1850,530
3586,41,1,41584,8466,0,18894,21749,1850,530
3587,41,1,41571,8452,0,18899,21749,1850,530
3588,41,1,41552,8431,0,18904,21990,1850,530
3589,41,1,41528,8406,0,18909,22874,1850,530
3590,41,1,41498,8377,0,18914,23274,1850,530
3591,41,1,41463,8345,0,18919,23554,1850,530
3592,41,1,41423,8313,0,18924,23806,1850,540
3593,41,1,41378,8280,0,18929,23914,1840,540
3594,41,1,41326,8247,0,18934,24038,1840,540
3595,41,1,41267,8213,0,18939,24146,1840,540
3596,41,1,41205,8181,0,18944,24242,1840,540
3597,41,1,41140,8152,0,18949,24250,1840,540
3598,41,1,41073,8127,0,18954,24250,1830,540
3599,41,1,41007,8105,0,18959,23874,1830,540
3600,41,1,40941,8088,0,18964,23078,1830,540
3601,41,1,40877,8073,0,18969,21950,1830,540
3602,41,1,40819,8062,0,18974,20257,1810,540
3603,41,1,40770,8053,0,18979,16193,1810,530
3604,41,1,40730,8045,0,18984,9856,1810,530
3605,41,1,40704,8040,0,18989,880,1810,530
3606,42,0,40704,8040,0,18994,0,1810,530
3607,42,0,40685,8034,0,18998,0,1800,530
3608,42,0,40685,8034,8,19003,0,1800,530
3609,42,0,40686,8034,20,19008,0,1800,520
3610,42,0,40694,8035,20,19013,0,1800,520
3611,42,0,40703,8042,28,19018,0,1800,520
3612,42,0,40714,8050,40,19023,0,1800,520
3613,42,0,40727,8059,48,19028,0,1800,510
3614,42,0,40742,8070,48,19033,0,1800,510
3615,42,0,40760,8084,48,19038,0,1800,510
3616,42,0,40782,8102,60,19043,0,1800,510
3617,42,0,40809,8125,60,19048,0,1800,510
3618,42,0,40841,8151,60,19053,0,1810,510
3619,42,0,40875,8180,60,19058,0,1810,500
3620,42,0,40916,8214,48,19063,0,1810,500
3621,42,0,40957,8248,48,19068,0,1810,500
3622,42,0,40998,8282,48,19073,0,1820,500
3623,42,0,41037,8315,40,19078,0,1820,500
3624,42,0,41070,8340,28,19083,0,1820,500
3625,42,0,41117,8370,28,19088,0,1820,500
3626,42,0,41157,8394,20,19093,0,1820,510
3627,42,0,41190,8411,8,19098,0,1820,510
3628,42,0,41216,8424,0,19103,0,1820,510
3629,42,0,41218,8425,0,19108,0,1820,510
3630,42,0,41220,8426,0,19113,0,1830,520
3631,43,1,41220,8429,0,19113,5200,1830,520
3632,43,1,41220,8430,0,19118,11973,1830,520
3633,43,1,41220,8430,0,19122,16045,1830,520
3634,43,1,41220,8430,0,19127,18285,1830,520
3635,43,1,41220,8430,0,19132,20077,1830,520
3636,43,1,41220,8430,0,19137,21357,1830,520
3637,43,1,41220,8430,0,19142,22174,1830,530
3638,43,1,41218,8428,0,19147,22742,1830,530
3639,43,1,41216,8426,0,19152,23058,1830,530
3640,43,1,41213,8424,0,19157,23226,1830,530
3641,43,1,41208,8418,0,19162,23226,1840,530
3642,43,1,41201,8408,0,19167,23186,1840,530
3643,43,1,41188,8392,0,19172,23186,1840,530
3644,43,1,41170,8369,0,19177,23466,1840,530
3645,43,1,41146,8342,0,19182,23694,1840,530
3646,43,1,41116,8312,0,19187,23946,1840,530
3647,43,1,41084,8280,0,19192,24166,1840,530
3648,43,1,41046,8249,0,19197,24346,1840,530
3649,43,1,41005,8218,0,19202,24346,1840,530
3650,43,1,40958,8190,0,19207,24154,1840,530
3651,43,1,40907,8165,0,19212,24106,1840,530
3652,43,1,40855,8143,0,19217,23514,1840,530
3653,43,1,40804,8124,0,19222,22434,1840,530
3654,43,1,40756,8107,0,19227,20845,1830,530
3655,43,1,40714,8092,0,19232,16325,1830,530
3656,43,1,40671,8071,0,19237,9072,1830,530
3657,43,1,40640,8053,0,19242,196,1830,530
3658,44,0,40640,8053,0,19247,0,1830,530
3659,44,0,40603,8023,0,19252,0,1810,520
3660,44,0,40601,8015,8,19257,0,1810,520
3661,44,0,40597,8004,20,19262,0,1810,520
3662,44,0,40594,7992,40,19267,0,1810,520
3663,44,0,40590,7979,48,19272,0,1800,510
3664,44,0,40586,7965,68,19277,0,1800,510
3665,44,0,40580,7950,80,19282,0,1800,510
3666,44,0,40571,7933,88,19287,0,1800,510
3667,44,0,40557,7914,88,19291,0,1800,510
3668,44,0,40537,7890,100,19296,0,1790,510
3669,44,0,40509,7860,100,19301,0,1790,500
3670,44,0,40474,7825,108,19306,0,1790,500
3671,44,0,40435,7789,120,19311,0,1790,500
3672,44,0,40390,7751,120,19316,0,1780,500
3673,44,0,40339,7712,128,19321,0,1780,500
3674,44,0,40284,7671,140,19326,0,1780,490
3675,44,0,40228,7630,148,19331,0,1780,490
3676,44,0,40169,7588,160,19336,0,1770,490
3677,44,0,40107,7546,168,19341,0,1770,490
3678,44,0,40046,7504,180,19346,0,1770,490
3679,44,0,39978,7457,188,19351,0,1770,490
3680,44,0,39912,7411,188,19356,0,1750,490
3681,44,0,39852,7366,188,19361,0,1750,490
3682,44,0,39797,7324,200,19366,0,1750,490
3683,44,0,39748,7284,200,19371,0,1750,490
3684,44,0,39706,7248,188,19376,0,1750,490
3685,44,0,39671,7214,188,19381,0,1750,490
3686,44,0,39643,7184,180,19386,0,1750,490
3687,44,0,39622,7158,180,19391,0,1750,490
3688,44,0,39604,7133,168,19396,0,1750,490
3689,44,0,39592,7112,160,19401,0,1750,490
3690,44,0,39589,7096,148,19406,0,1750,490
3691,44,0,39582,7092,148,19411,0,1750,490
3692,44,0,39577,7084,140,19416,0,1750,490
3693,44,0,39575,7082,128,19421,0,1750,490
3694,44,0,39573,7082,128,19426,0,1750,490
3695,44,0,39571,7084,120,19431,0,1750,490
3696,44,0,39568,7094,120,19436,0,1750,490
3697,44,0,39565,7106,108,19441,0,1750,490
3698,44,0,39561,7120,100,19446,0,1750,490
3699,44,0,39558,7136,100,19451,0,1750,490
3700,44,0,39555,7152,88,19456,0,1750,490
3701,44,0,39553,7172,88,19461,0,1750,490
3702,44,0,39552,7192,80,19465,0,1750,490
3703,44,0,39552,7213,80,19470,0,1750,490
3704,44,0,39552,7234,68,19475,0,1750,490
3705,44,0,39556,7253,68,19480,0,1750,490
3706,44,0,39563,7271,60,19485,0,1750,490
3707,44,0,39571,7289,60,19490,0,1750,490
3708,44,0,39579,7307,60,19495,0,1750,490
3709,44,0,39587,7324,60,19500,0,1750,490
3710,44,0,39595,7341,60,19505,0,1760,500
3711,44,0,39603,7357,48,19510,0,1760,500
3712,44,0,39610,7374,48,19515,0,1760,500
3713,44,0,39619,7394,48,19520,0,1760,500
3714,44,0,39626,7414,40,19525,0,1760,500
3715,44,0,39634,7434,28,19530,0,1760,500
3716,44,0,39641,7455,28,19535,0,1760,500
3717,44,0,39647,7474,20,19540,0,1760,500
3718,44,0,39658,7517,20,19545,0,1760,500
3719,44,0,39667,7557,8,19550,0,1760,500
3720,44,0,39675,7593,8,19555,0,1760,500
3721,44,0,39682,7626,8,19560,0,1760,500
3722,44,0,39684,7633,0,19565,0,1760,500
3723,44,0,39684,7643,0,19570,0,1760,500
3724,44,0,39684,7653,0,19575,0,1760,500
3725,44,0,39684,7664,0,19580,0,1760,500
3726,44,0,39684,7673,0,19585,0,1760,500
3727,44,0,39681,7680,0,19590,0,1760,500
3728,44,0,39679,7684,0,19595,0,1760,500
3729,45,1,39677,7687,0,19596,460,1760,510
3730,45,1,39676,7688,0,19597,2600,1760,510
3731,45,1,39676,7689,0,19599,5468,1760,510
3732,45,1,39675,7689,0,19604,8396,1760,510
3733,45,1,39674,7689,0,19609,10997,1760,510
3734,45,1,39673,7689,0,19614,13137,1760,510
3735,45,1,39672,7689,0,19619,14965,1760,510
3736,45,1,39671,7689,0,19624,16461,1760,510
3737,45,1,39670,7689,0,19629,17617,1760,510
3738,45,1,39669,7689,0,19634,18669,1760,510
3739,45,1,39668,7689,0,19639,19613,1760,510
3740,45,1,39667,7689,0,19644,20421,1760,510
3741,45,1,39666,7689,0,19649,21153,1760,510
3742,45,1,39665,7689,0,19654,21809,1760,520
3743,45,1,39665,7689,0,19659,22378,1760,520
3744,45,1,39664,7689,0,19664,22890,1760,520
3745,45,1,39663,7689,0,19669,23250,1760,520
3746,45,1,39662,7689,0,19674,23530,1760,520
3747,45,1,39662,7689,0,19679,23710,1760,520
3748,45,1,39661,7689,0,19684,23806,1760,520
3749,45,1,39660,7689,0,19689,23854,1760,520
3750,45,1,39658,7689,0,19694,23854,1760,520
3751,45,1,39653,7686,0,19699,23850,1760,520
3752,45,1,39645,7682,0,19704,23826,1760,520
3753,45,1,39634,7675,0,19709,23826,1760,520
3754,45,1,39620,7665,0,19714,23898,1760,520
3755,45,1,39604,7653,0,19719,23946,1760,520
3756,45,1,39588,7639,0,19724,24010,1760,520
3757,45,1,39572,7625,0,19729,24010,1760,520
3758,45,1,39555,7612,0,19734,24010,1760,520
3759,45,1,39538,7598,0,19739,24018,1760,520
3760,45,1,39521,7584,0,19743,24026,1750,530
3761,45,1,39506,7570,0,19748,24070,1750,530
3762,45,1,39492,7555,0,19753,24070,1750,530
3763,45,1,39479,7540,0,19758,24066,1750,530
3764,45,1,39467,7525,0,19763,24058,1750,530
3765,45,1,39456,7509,0,19768,24046,1750,530
3766,45,1,39446,7495,0,19773,24034,1750,530
3767,45,1,39439,7481,0,19778,23982,1750,530
3768,45,1,39434,7469,0,19783,23970,1750,530
3769,45,1,39430,7458,0,19788,23922,1750,530
3770,45,1,39429,7448,0,19793,23862,1750,540
3771,45,1,39429,7438,0,19798,23814,1750,540
3772,45,1,39429,7430,0,19803,23730,1750,540
3773,45,1,39429,7421,0,19808,23646,1750,540
3774,45,1,39429,7413,0,19813,23550,1750,540
3775,45,1,39434,7406,0,19818,23466,1750,540
3776,45,1,39440,7399,0,19823,23342,1750,540
3777,45,1,39449,7393,0,19828,23090,1750,540
3778,45,1,39459,7388,0,19833,22934,1750,540
3779,45,1,39471,7382,0,19838,22654,1750,540
3780,45,1,39485,7377,0,19843,22474,1750,540
3781,45,1,39502,7372,0,19848,22290,1750,540
3782,45,1,39522,7369,0,19853,22290,1750,540
3783,45,1,39544,7367,0,19858,22306,1750,540
3784,45,1,39568,7367,0,19863,22306,1750,540
3785,45,1,39593,7367,0,19868,22126,1750,540
3786,45,1,39620,7367,0,19873,21906,1750,540
3787,45,1,39646,7373,0,19878,21625,1750,540
3788,45,1,39672,7382,0,19883,21505,1760,540
3789,45,1,39696,7393,0,19888,21409,1760,540
3790,45,1,39715,7402,0,19893,21273,1760,540
3791,45,1,39729,7409,0,19898,21225,1760,540
3792,45,1,39738,7414,0,19903,21225,1760,540
3793,45,1,39743,7416,0,19908,21273,1760,540
3794,45,1,39744,7418,0,19913,21345,1760,540
3795,45,1,39744,7418,0,19917,21409,1760,540
3796,45,1,39744,7418,0,19922,21421,1760,540
3797,45,1,39744,7418,0,19927,21509,1760,540
3798,45,1,39741,7418,0,19932,21509,1760,540
3799,45,1,39737,7418,0,19937,21425,1760,540
3800,45,1,39733,7418,0,19942,21313,1760,540
3801,45,1,39728,7418,0,19947,21193,1760,540
3802,45,1,39721,7418,0,19952,21009,1760,540
3803,45,1,39713,7414,0,19957,20889,1760,540
3804,45,1,39701,7409,0,19962,20889,1760,540
3805,45,1,39685,7402,0,19967,20913,1760,540
3806,45,1,39667,7393,0,19972,21009,1760,540
3807,45,1,39647,7385,0,19977,21217,1760,540
3808,45,1,39626,7376,0,19982,21425,1760,540
3809,45,1,39604,7367,0,19987,21677,1760,540
3810,45,1,39581,7359,0,19992,21886,1760,540
3811,45,1,39558,7350,0,19997,22018,1760,540
3812,45,1,39533,7341,0,20002,22226,1760,540
3813,45,1,39507,7331,0,20007,22418,1760,540
3814,45,1,39477,7321,0,20012,22578,1760,540
3815,45,1,39443,7310,0,20017,22758,1760,540
3816,45,1,39406,7298,0,20022,22930,1760,540
3817,45,1,39369,7284,0,20027,23122,1750,540
3818,45,1,39332,7270,0,20032,23242,1750,540
3819,45,1,39296,7255,0,20037,23290,1750,540
3820,45,1,39263,7241,0,20042,23350,1750,540
3821,45,1,39231,7229,0,20047,23414,1730,540
3822,45,1,39200,7218,0,20052,23426,1730,540
3823,45,1,39173,7209,0,20057,23438,1730,540
3824,45,1,39148,7201,0,20062,23446,1730,540
3825,45,1,39128,7195,0,20067,23518,1720,540
3826,45,1,39110,7191,0,20072,23578,1720,540
3827,45,1,39096,7188,0,20077,23662,1720,540
3828,45,1,39082,7186,0,20082,23758,1720,540
3829,45,1,39070,7186,0,20086,23854,1710,550
3830,45,1,39057,7186,0,20091,23962,1710,550
3831,45,1,39045,7186,0,20096,24086,1700,550
3832,45,1,39032,7186,0,20101,24194,1700,550
3833,45,1,39019,7186,0,20106,24278,1700,550
3834,45,1,39007,7186,0,20111,24362,1700,550
3835,45,1,38994,7186,0,20116,24422,1700,550
3836,45,1,38982,7188,0,20121,24434,1700,550
3837,45,1,38969,7191,0,20126,24446,1700,550
3838,45,1,38958,7195,0,20131,24458,1690,540
3839,45,1,38947,7198,0,20136,24466,1690,540
3840,45,1,38937,7202,0,20141,24474,1690,540
3841,45,1,38928,7205,0,20146,24482,1690,540
3842,45,1,38922,7208,0,20151,24486,1690,540
3843,45,1,38916,7210,0,20156,24486,1690,540
3844,45,1,38912,7212,0,20161,24474,1690,540
3845,45,1,38909,7215,0,20166,24474,1690,540
3846,45,1,38907,7218,0,20171,24518,1690,540
3847,45,1,38905,7222,0,20176,24582,1690,540
3848,45,1,38903,7226,0,20181,24642,1690,540
3849,45,1,38903,7231,0,20186,24702,1690,540
3850,45,1,38903,7236,0,20191,24714,1690,540
3851,45,1,38903,7241,0,20196,24750,1690,540
3852,45,1,38903,7247,0,20201,24750,1690,540
3853,45,1,38903,7253,0,20206,24702,1690,540
3854,45,1,38903,7262,0,20211,24582,1690,540
3855,45,1,38904,7272,0,20216,24434,1690,530
3856,45,1,38909,7284,0,20221,24242,1690,530
3857,45,1,38915,7299,0,20226,24002,1690,530
3858,45,1,38923,7315,0,20231,23746,1690,530
3859,45,1,38933,7333,0,20236,23506,1690,530
3860,45,1,38944,7351,0,20241,23250,1690,530
3861,45,1,38958,7369,0,20246,23046,1690,530
3862,45,1,38974,7388,0,20251,22902,1690,530
3863,45,1,38993,7405,0,20255,22766,1690,530
3864,45,1,39014,7423,0,20260,22646,1690,530
3865,45,1,39036,7442,0,20265,22538,1690,530
3866,45,1,39060,7459,0,20270,22354,1690,530
3867,45,1,39083,7476,0,20275,22102,1690,530
3868,45,1,39105,7492,0,20280,21858,1690,530
3869,45,1,39125,7506,0,20285,21637,1710,530
3870,45,1,39143,7518,0,20290,21553,1710,530
3871,45,1,39160,7529,0,20295,21549,1710,530
3872,45,1,39174,7538,0,20300,21501,1710,530
3873,45,1,39186,7547,0,20305,21489,1710,530
3874,45,1,39195,7554,0,20310,21417,1710,530
3875,45,1,39204,7559,0,20315,21405,1710,530
3876,45,1,39213,7563,0,20320,21305,1710,530
3877,45,1,39222,7566,0,20325,21209,1710,530
3878,45,1,39233,7569,0,20330,21073,1710,530
3879,45,1,39244,7573,0,20335,20869,1710,530
3880,45,1,39255,7576,0,20340,20525,1710,530
3881,45,1,39265,7580,0,20345,20233,1710,530
3882,45,1,39273,7583,0,20350,20061,1710,530
3883,45,1,39279,7584,0,20355,20013,1710,530
3884,45,1,39284,7585,0,20360,20009,1710,530
3885,45,1,39287,7585,0,20365,20001,1710,530
3886,45,1,39289,7585,0,20370,20001,1720,530
3887,45,1,39289,7585,0,20375,20049,1720,530
3888,45,1,39290,7585,0,20380,20137,1720,530
3889,45,1,39290,7585,0,20385,20233,1720,530
3890,45,1,39290,7585,0,20390,20281,1720,530
3891,45,1,39290,7585,0,20395,20281,1720,530
3892,45,1,39290,7585,0,20400,20277,1720,530
3893,45,1,39290,7585,0,20405,20229,1720,530
3894,45,1,39290,7585,0,20410,20169,1720,530
3895,45,1,39289,7581,0,20415,20069,1720,530
3896,45,1,39287,7575,0,20420,20069,1720,530
3897,45,1,39284,7567,0,20425,20021,1720,530
3898,45,1,39280,7557,0,20429,20033,1720,530
3899,45,1,39277,7546,0,20434,20033,1720,530
3900,45,1,39272,7535,0,20439,20081,1720,530
3901,45,1,39266,7523,0,20444,20093,1720,530
3902,45,1,39258,7510,0,20449,20229,1720,530
3903,45,1,39248,7496,0,20454,20461,1720,530
3904,45,1,39234,7481,0,20459,20901,1720,530
3905,45,1,39217,7464,0,20464,21361,1720,530
3906,45,1,39197,7445,0,20469,21753,1720,530
3907,45,1,39174,7425,0,20474,22070,1710,530
3908,45,1,39149,7403,0,20479,22286,1710,530
3909,45,1,39121,7381,0,20484,22470,1710,530
3910,45,1,39092,7357,0,20489,22602,1710,530
3911,45,1,39062,7332,0,20494,22746,1710,530
3912,45,1,39030,7307,0,20499,22930,1690,530
3913,45,1,38998,7282,0,20504,23026,1690,530
3914,45,1,38967,7258,0,20509,23110,1690,530
3915,45,1,38938,7235,0,20514,23170,1690,530
3916,45,1,38911,7213,0,20519,23230,1680,530
3917,45,1,38887,7194,0,20524,23234,1680,530
3918,45,1,38865,7175,0,20529,23282,1680,530
3919,45,1,38844,7159,0,20534,23294,1680,530
3920,45,1,38826,7147,0,20539,23390,1660,530
3921,45,1,38810,7136,0,20544,23550,1660,530
3922,45,1,38796,7128,0,20549,23706,1660,530
3923,45,1,38782,7121,0,20554,23910,1660,530
3924,45,1,38769,7114,0,20559,24202,1660,540
3925,45,1,38754,7107,0,20564,24442,1660,540
3926,45,1,38739,7100,0,20569,24614,1640,540
3927,45,1,38723,7094,0,20574,24710,1640,540
3928,45,1,38708,7089,0,20579,24810,1640,540
3929,45,1,38695,7087,0,20584,24942,1640,540
3930,45,1,38683,7086,0,20589,25050,1640,540
3931,45,1,38670,7086,0,20594,25170,1640,540
3932,45,1,38657,7086,0,20598,25266,1640,540
3933,45,1,38643,7086,0,20603,25350,1640,540
3934,45,1,38630,7086,0,20608,25398,1630,540
3935,45,1,38619,7086,0,20613,25410,1630,540
3936,45,1,38611,7086,0,20618,25518,1630,540
3937,45,1,38606,7086,0,20623,25614,1630,540
3938,45,1,38602,7086,0,20628,25698,1630,540
3939,45,1,38600,7086,0,20633,25706,1630,540
3940,45,1,38598,7089,0,20638,25754,1630,540
3941,45,1,38597,7091,0,20643,25814,1630,540
3942,45,1,38597,7093,0,20648,25878,1630,540
3943,45,1,38597,7096,0,20653,25882,1630,540
3944,45,1,38597,7100,0,20658,25882,1630,540
3945,45,1,38597,7105,0,20663,25830,1630,540
3946,45,1,38597,7113,0,20668,25782,1630,540
3947,45,1,38597,7122,0,20673,25710,1630,540
3948,45,1,38599,7132,0,20678,25578,1630,540
3949,45,1,38603,7143,0,20683,25506,1630,540
3950,45,1,38608,7154,0,20688,25410,1630,540
3951,45,1,38613,7165,0,20693,25254,1630,540
3952,45,1,38620,7176,0,20698,25086,1630,540
3953,45,1,38627,7187,0,20703,24942,1630,540
3954,45,1,38634,7197,0,20708,24810,1640,530
3955,45,1,38640,7205,0,20713,24698,1640,530
3956,45,1,38647,7211,0,20718,24602,1640,530
3957,45,1,38652,7215,0,20723,24478,1640,530
3958,45,1,38657,7217,0,20728,24370,1640,530
3959,45,1,38660,7218,0,20733,24250,1640,530
3960,45,1,38663,7219,0,20738,24106,1650,530
3961,45,1,38665,7220,0,20743,23898,1650,530
3962,45,1,38666,7222,0,20748,23694,1650,530
3963,45,1,38667,7223,0,20753,23490,1650,530
3964,45,1,38667,7223,0,20758,23306,1650,530
3965,45,1,38667,7223,0,20763,23150,1650,530
3966,45,1,38667,7223,0,20768,23018,1650,530
3967,45,1,38667,7223,0,20772,22870,1650,530
3968,45,1,38667,7223,0,20777,22762,1650,530
3969,45,1,38667,7223,0,20782,22654,1650,530
3970,45,1,38667,7223,0,20787,22570,1650,530
3971,45,1,38667,7223,0,20792,22462,1650,530
3972,45,1,38666,7223,0,20797,22374,1650,530
3973,45,1,38664,7223,0,20802,22314,1650,530
3974,45,1,38661,7223,0,20807,22254,1650,530
3975,45,1,38659,7221,0,20812,22206,1650,530
3976,45,1,38656,7217,0,20817,22146,1650,530
3977,45,1,38652,7210,0,20822,22010,1650,530
3978,45,1,38645,7199,0,20827,22010,1650,530
3979,45,1,38636,7185,0,20832,22170,1650,530
3980,45,1,38625,7169,0,20837,22398,1650,530
3981,45,1,38611,7152,0,20842,22594,1650,530
3982,45,1,38597,7136,0,20847,22666,1650,530
3983,45,1,38583,7121,0,20852,22750,1650,530
3984,45,1,38567,7105,0,20857,22846,1650,530
3985,45,1,38549,7089,0,20862,22858,1650,530
3986,45,1,38530,7073,0,20867,23006,1650,530
3987,45,1,38510,7058,0,20872,23102,1650,530
3988,45,1,38492,7046,0,20877,23198,1650,530
3989,45,1,38474,7036,0,20882,23282,1640,530
3990,45,1,38458,7028,0,20887,23378,1640,530
3991,45,1,38442,7020,0,20892,23454,1640,530
3992,45,1,38428,7013,0,20897,23466,1640,530
3993,45,1,38414,7007,0,20902,23646,1640,530
3994,45,1,38402,7003,0,20907,23718,1640,530
3995,45,1,38388,6999,0,20912,23826,1640,530
3996,45,1,38372,6994,0,20917,23898,1630,540
3997,45,1,38355,6990,0,20922,23898,1630,540
3998,45,1,38336,6985,0,20927,23890,1630,540
3999,45,1,38320,6981,0,20932,23890,1620,540
4000,45,1,38306,6978,0,20937,23902,1620,540
4001,45,1,38296,6976,0,20941,23950,1620,540
4002,45,1,38288,6975,0,20946,24014,1620,540
4003,45,1,38281,6974,0,20951,24074,1620,540
4004,45,1,38276,6974,0,20956,24082,1620,540
4005,45,1,38272,6974,0,20961,24166,1620,540
4006,45,1,38269,6974,0,20966,24274,1620,540
4007,45,1,38267,6974,0,20971,24370,1620,540
4008,45,1,38266,6974,0,20976,24478,1620,540
4009,45,1,38265,6974,0,20981,24626,1620,540
4010,45,1,38265,6974,0,20986,24770,1620,540
4011,45,1,38265,6975,0,20991,24954,1620,540
4012,45,1,38264,6978,0,20996,25074,1620,540
4013,45,1,38264,6983,0,21001,25182,1620,540
4014,45,1,38263,6991,0,21006,25182,1620,540
4015,45,1,38263,6999,0,21011,25178,1620,540
4016,45,1,38263,7007,0,21016,25082,1620,540
4017,45,1,38263,7015,0,21021,25074,1620,540
4018,45,1,38263,7022,0,21026,25014,1620,540
4019,45,1,38263,7028,0,21031,24942,1620,540
4020,45,1,38263,7035,0,21036,24858,1620,540
4021,45,1,38265,7041,0,21041,24782,1620,540
4022,45,1,38268,7048,0,21046,24674,1620,540
4023,45,1,38271,7056,0,21051,24550,1620,540
4024,45,1,38275,7063,0,21056,24442,1620,540
4025,45,1,38280,7069,0,21061,24346,1620,540
4026,45,1,38285,7076,0,21066,24274,1620,540
4027,45,1,38291,7082,0,21071,24178,1620,540
4028,45,1,38297,7089,0,21076,24070,1620,540
4029,45,1,38304,7095,0,21081,23970,1620,540
4030,45,1,38310,7101,0,21086,23874,1620,540
4031,45,1,38317,7106,0,21091,23766,1620,540
4032,45,1,38323,7109,0,21096,23682,1620,530
4033,45,1,38329,7112,0,21101,23598,1620,530
4034,45,1,38336,7113,0,21106,23514,1620,530
4035,45,1,38341,7114,0,21111,23442,1620,530
4036,45,1,38347,7114,0,21115,23354,1620,530
4037,45,1,38354,7114,0,21120,23258,1620,530
4038,45,1,38360,7114,0,21125,23174,1620,530
4039,45,1,38368,7115,0,21130,23126,1620,530
4040,45,1,38375,7115,0,21135,23006,1620,530
4041,45,1,38382,7115,0,21140,22886,1620,530
4042,45,1,38388,7115,0,21145,22774,1620,530
4043,45,1,38395,7115,0,21150,22642,1620,530
4044,45,1,38400,7115,0,21155,22630,1620,530
4045,45,1,38406,7115,0,21160,22582,1620,530
4046,45,1,38410,7114,0,21165,22522,1620,530
4047,45,1,38414,7112,0,21170,22462,1620,530
4048,45,1,38416,7110,0,21175,22410,1620,530
4049,45,1,38418,7108,0,21180,22362,1620,530
4050,45,1,38419,7105,0,21185,22290,1620,530
4051,45,1,38419,7101,0,21190,22194,1620,530
4052,45,1,38419,7098,0,21195,22186,1620,530
4053,45,1,38419,7094,0,21200,22186,1620,530
4054,45,1,38419,7088,0,21205,22234,1620,530
4055,45,1,38419,7081,0,21210,22242,1620,530
4056,45,1,38419,7070,0,21215,22250,1620,530
4057,45,1,38419,7058,0,21220,22358,1620,530
4058,45,1,38419,7045,0,21225,22494,1620,530
4059,45,1,38419,7031,0,21230,22650,1620,530
4060,45,1,38414,7016,0,21235,22722,1620,530
4061,45,1,38407,7000,0,21240,22894,1620,530
4062,45,1,38398,6984,0,21245,23062,1620,530
4063,45,1,38387,6967,0,21250,23242,1620,530
4064,45,1,38376,6950,0,21255,23386,1620,530
4065,45,1,38363,6932,0,21260,23510,1620,530
4066,45,1,38348,6913,0,21265,23642,1620,540
4067,45,1,38332,6893,0,21270,23858,1620,540
4068,45,1,38312,6872,0,21275,24042,1620,540
4069,45,1,38290,6848,0,21280,24174,1620,540
4070,45,1,38263,6823,0,21284,24450,1620,540
4071,45,1,38234,6796,0,21289,24646,1620,540
4072,45,1,38202,6769,0,21294,24818,1620,540
4073,45,1,38169,6743,0,21299,24902,1620,540
4074,45,1,38136,6718,0,21304,24910,1620,540
4075,45,1,38104,6695,0,21309,24982,1600,540
4076,45,1,38072,6674,0,21314,24990,1600,540
4077,45,1,38040,6654,0,21319,25038,1600,540
4078,45,1,38008,6634,0,21324,25038,1600,540
4079,45,1,37976,6615,0,21329,24882,1600,540
4080,45,1,37946,6600,0,21334,24626,1600,540
4081,45,1,37921,6588,0,21339,24082,1600,540
4082,45,1,37900,6580,0,21344,23342,1600,540
4083,45,1,37883,6578,0,21349,22410,1580,540
4084,45,1,37867,6578,0,21354,21149,1580,540
4085,45,1,37852,6578,0,21359,18725,1580,540
4086,45,1,37840,6578,0,21364,14325,1580,540
4087,45,1,37830,6584,0,21369,7824,1580,540
4088,45,1,37827,6604,0,21374,328,1570,540
4089,46,0,37827,6604,0,21379,0,1570,540
4090,46,0,37827,6641,0,21384,0,1570,540
4091,46,0,37832,6662,0,21389,0,1580,530
4092,46,0,37840,6673,8,21394,0,1580,530
4093,46,0,37852,6689,20,21399,0,1580,530
4094,46,0,37866,6708,40,21404,0,1560,530
4095,46,0,37884,6733,60,21409,0,1570,520
4096,46,0,37905,6763,68,21414,0,1570,520
4097,46,0,37929,6796,80,21419,0,1570,520
4098,46,0,37953,6830,88,21424,0,1580,510
4099,46,0,37978,6863,88,21429,0,1590,500
4100,46,0,38008,6899,100,21434,0,1590,500
4101,46,0,38043,6940,100,21439,0,1590,500
4102,46,0,38083,6986,100,21444,0,1590,490
4103,46,0,38129,7038,88,21449,0,1590,490
4104,46,0,38183,7096,88,21454,0,1590,490
4105,46,0,38236,7151,80,21458,0,1590,490
4106,46,0,38287,7203,80,21463,0,1610,490
4107,46,0,38335,7249,68,21468,0,1610,490
4108,46,0,38372,7283,60,21473,0,1610,490
4109,46,0,38410,7319,48,21478,0,1610,490
4110,46,0,38443,7353,40,21483,0,1610,490
4111,46,0,38472,7385,20,21488,0,1610,490
4112,46,0,38498,7416,8,21493,0,1620,500
4113,46,0,38516,7444,8,21498,0,1620,500
4114,46,0,38530,7470,0,21503,0,1620,500
4115,46,0,38545,7504,0,21508,0,1620,500
4116,46,0,38559,7533,0,21513,0,1630,500
4117,46,0,38569,7555,0,21518,0,1630,500
4118,46,0,38579,7574,0,21523,0,1630,500
4119,46,0,38586,7581,0,21528,0,1630,500
4120,46,0,38594,7590,0,21533,0,1640,500
4121,46,0,38605,7600,0,21538,0,1640,500
4122,46,0,38619,7614,0,21543,0,1640,510
4123,46,0,38634,7628,0,21548,0,1640,510
4124,46,0,38649,7641,0,21553,0,1640,510
4125,47,1,38664,7654,0,21554,484,1650,510
4126,47,1,38676,7666,0,21558,7680,1650,510
4127,47,1,38687,7676,0,21563,13649,1650,510
4128,47,1,38696,7684,0,21568,17489,1650,510
4129,47,1,38703,7691,0,21573,19489,1660,510
4130,47,1,38708,7694,0,21578,21101,1660,510
4131,47,1,38711,7696,0,21583,22434,1660,510
4132,47,1,38713,7696,0,21588,23682,1660,510
4133,47,1,38713,7696,0,21593,24782,1670,510
4134,47,1,38714,7696,0,21598,25470,1670,510
4135,47,1,38714,7697,0,21603,25842,1670,510
4136,47,1,38715,7698,0,21608,26074,1670,510
4137,47,1,38716,7699,0,21613,26182,1690,510
4138,47,1,38718,7700,0,21618,26182,1690,510
4139,47,1,38719,7702,0,21623,26122,1690,510
4140,47,1,38721,7703,0,21628,26026,1690,510
4141,47,1,38724,7706,0,21633,25746,1700,520
4142,47,1,38730,7709,0,21638,25326,1700,520
4143,47,1,38738,7713,0,21643,24746,1700,520
4144,47,1,38748,7718,0,21648,23814,1700,520
4145,47,1,38757,7722,0,21653,22834,1710,520
4146,47,1,38765,7727,0,21658,21341,1710,520
4147,47,1,38770,7730,0,21663,19021,1710,520
4148,47,1,38771,7733,0,21668,14981,1710,520
4149,47,1,38771,7733,0,21673,9332,1710,520
4150,47,1,38768,7733,0,21678,1008,1710,510
4151,48,0,38768,7733,0,21683,0,1710,510
4152,48,0,38735,7705,0,21688,0,1710,510
4153,48,0,38720,7687,0,21693,0,1710,510
4154,48,0,38704,7667,0,21698,0,1710,510
4155,48,0,38696,7656,8,21703,0,1710,510
4156,48,0,38685,7640,28,21708,0,1720,500
4157,48,0,38671,7623,48,21713,0,1700,500
4158,48,0,38654,7604,68,21718,0,1700,500
4159,48,0,38632,7583,88,21723,0,1710,490
4160,48,0,38606,7562,108,21728,0,1710,490
4161,48,0,38575,7539,128,21732,0,1700,490
4162,48,0,38540,7516,140,21737,0,1700,490
4163,48,0,38503,7493,160,21742,0,1700,490
4164,48,0,38465,7469,168,21747,0,1700,490
4165,48,0,38419,7441,180,21752,0,1690,480
4166,48,0,38365,7408,180,21757,0,1690,480
4167,48,0,38294,7364,180,21762,0,1690,480
4168,48,0,38214,7316,168,21767,0,1690,480
4169,48,0,38132,7269,160,21772,0,1690,480
4170,48,0,38051,7223,160,21777,0,1690,480
4171,48,0,37982,7188,148,21782,0,1690,470
4172,48,0,37921,7156,148,21787,0,1690,470
4173,48,0,37868,7130,140,21792,0,1690,470
4174,48,0,37825,7110,140,21797,0,1690,470
4175,48,0,37788,7092,140,21802,0,1690,470
4176,48,0,37760,7081,128,21807,0,1690,470
4177,48,0,37754,7080,128,21812,0,1690,470
4178,48,0,37741,7077,120,21817,0,1690,470
4179,48,0,37736,7077,108,21822,0,1690,470
4180,48,0,37736,7087,100,21827,0,1690,470
4181,48,0,37748,7104,88,21832,0,1690,480
4182,48,0,37759,7123,80,21837,0,1690,480
4183,48,0,37768,7144,80,21842,0,1690,480
4184,48,0,37768,7191,68,21847,0,1690,480
4185,48,0,37768,7236,60,21852,0,1690,480
4186,48,0,37759,7279,48,21857,0,1690,480
4187,48,0,37748,7318,40,21862,0,1690,480
4188,48,0,37742,7331,0,21867,0,1690,480
4189,48,0,37734,7345,0,21872,0,1680,490
4190,48,0,37726,7360,0,21877,0,1680,490
4191,48,0,37717,7375,0,21882,0,1680,490
4192,48,0,37711,7388,0,21887,0,1680,490
4193,48,0,37705,7398,0,21892,0,1680,490
4194,48,0,37701,7407,0,21897,0,1690,500
4195,48,0,37698,7415,0,21901,0,1690,500
4196,48,0,37694,7422,0,21906,0,1690,500
4197,48,0,37691,7430,0,21911,0,1690,500
4198,48,0,37688,7437,0,21916,0,1690,500
4199,48,0,37687,7442,0,21921,0,1690,500
4200,49,1,37686,7445,0,21935,1168,1690,500
4201,49,1,37686,7446,0,21940,8860,1690,510
4202,49,1,37686,7446,0,21945,13273,1690,510
4203,49,1,37686,7446,0,21950,15717,1690,510
4204,49,1,37686,7446,0,21954,17689,1690,510
4205,49,1,37686,7446,0,21959,19277,1690,510
4206,49,1,37686,7446,0,21964,20429,1690,510
4207,49,1,37686,7446,0,21969,21269,1690,510
4208,49,1,37687,7446,0,21974,21902,1690,510
4209,49,1,37688,7446,0,21979,22450,1690,510
4210,49,1,37690,7446,0,21984,22910,1690,510
4211,49,1,37693,7446,0,21989,23246,1690,510
4212,49,1,37699,7446,0,21994,23454,1680,520
4213,49,1,37709,7443,0,21999,23586,1690,530
4214,49,1,37722,7437,0,22004,23826,1690,530
4215,49,1,37738,7429,0,22009,24334,1690,530
4216,49,1,37756,7420,0,22014,24626,1690,530
4217,49,1,37773,7410,0,22019,24722,1690,530
4218,49,1,37789,7401,0,22024,24730,1710,530
4219,49,1,37805,7391,0,22029,24730,1710,530
4220,49,1,37821,7379,0,22034,24726,1710,530
4221,49,1,37837,7367,0,22039,24722,1710,530
4222,49,1,37853,7353,0,22044,24726,1710,530
4223,49,1,37869,7339,0,22049,24726,1710,530
4224,49,1,37883,7326,0,22054,24774,1700,540
4225,49,1,37897,7311,0,22059,24774,1700,540
4226,49,1,37908,7298,0,22064,24766,1700,540
4227,49,1,37917,7286,0,22069,24694,1700,540
4228,49,1,37924,7274,0,22074,24610,1700,540
4229,49,1,37929,7263,0,22079,24546,1700,540
4230,49,1,37932,7251,0,22084,24498,1700,540
4231,49,1,37934,7240,0,22089,24490,1700,540
4232,49,1,37935,7227,0,22094,24442,1700,540
4233,49,1,37935,7213,0,22099,24434,1700,540
4234,49,1,37935,7200,0,22104,24350,1700,540
4235,49,1,37935,7185,0,22109,24346,1700,540
4236,49,1,37929,7170,0,22114,24346,1700,550
4237,49,1,37919,7153,0,22119,24394,1700,550
4238,49,1,37905,7135,0,22123,24442,1700,550
4239,49,1,37887,7115,0,22128,24502,1700,550
4240,49,1,37865,7095,0,22133,24626,1700,550
4241,49,1,37839,7075,0,22138,24746,1700,550
4242,49,1,37811,7056,0,22143,24834,1700,550
4243,49,1,37779,7039,0,22148,24930,1700,550
4244,49,1,37744,7025,0,22153,25146,1700,550
4245,49,1,37708,7013,0,22158,25242,1690,540
4246,49,1,37674,7004,0,22163,25326,1690,540
4247,49,1,37643,6998,0,22168,25410,1690,540
4248,49,1,37617,6996,0,22173,25494,1690,540
4249,49,1,37594,6996,0,22178,25614,1690,540
4250,49,1,37574,6996,0,22183,25734,1670,550
4251,49,1,37554,7000,0,22188,25882,1670,550
4252,49,1,37536,7009,0,22193,26062,1670,550
4253,49,1,37519,7019,0,22198,26422,1670,550
4254,49,1,37503,7030,0,22203,26974,1670,550
4255,49,1,37488,7042,0,22208,27262,1650,550
4256,49,1,37476,7054,0,22213,27490,1660,540
4257,49,1,37466,7067,0,22218,27646,1660,540
4258,49,1,37458,7081,0,22223,27754,1660,540
4259,49,1,37452,7095,0,22228,27838,1660,540
4260,49,1,37449,7110,0,22233,27838,1660,540
4261,49,1,37448,7124,0,22238,27750,1660,540
4262,49,1,37448,7139,0,22243,27558,1660,540
4263,49,1,37448,7153,0,22248,27282,1660,540
4264,49,1,37451,7168,0,22253,26994,1660,540
4265,49,1,37461,7184,0,22258,26766,1660,540
4266,49,1,37476,7203,0,22263,26250,1660,540
4267,49,1,37497,7224,0,22268,26070,1660,540
4268,49,1,37524,7247,0,22273,25670,1660,540
4269,49,1,37554,7271,0,22278,25346,1660,530
4270,49,1,37585,7293,0,22283,24866,1660,530
4271,49,1,37617,7312,0,22288,24546,1660,530
4272,49,1,37647,7328,0,22293,24294,1660,530
4273,49,1,37675,7340,0,22297,24054,1680,530
4274,49,1,37699,7351,0,22302,23954,1680,530
4275,49,1,37720,7359,0,22307,23882,1680,530
4276,49,1,37736,7365,0,22312,23834,1680,530
4277,49,1,37747,7368,0,22317,23750,1680,530
4278,49,1,37754,7368,0,22322,23678,1680,530
4279,49,1,37758,7368,0,22327,23570,1680,530
4280,49,1,37761,7368,0,22332,23462,1680,530
4281,49,1,37764,7368,0,22337,23338,1680,530
4282,49,1,37766,7363,0,22342,23218,1680,530
4283,49,1,37769,7354,0,22347,23074,1680,530
4284,49,1,37771,7344,0,22352,22770,1680,530
4285,49,1,37774,7333,0,22357,22418,1680,530
4286,49,1,37777,7321,0,22362,22190,1680,530
4287,49,1,37778,7307,0,22367,22070,1680,530
4288,49,1,37778,7290,0,22372,21994,1680,530
4289,49,1,37778,7272,0,22377,21994,1680,530
4290,49,1,37778,7253,0,22382,22002,1680,530
4291,49,1,37775,7232,0,22387,22014,1680,530
4292,49,1,37768,7211,0,22392,22198,1670,540
4293,49,1,37758,7190,0,22397,22366,1670,540
4294,49,1,37745,7167,0,22402,22526,1670,540
4295,49,1,37730,7145,0,22407,22730,1670,540
4296,49,1,37711,7122,0,22412,22962,1670,540
4297,49,1,37689,7099,0,22417,23094,1670,540
4298,49,1,37664,7076,0,22422,23322,1670,540
4299,49,1,37637,7052,0,22427,23530,1670,540
4300,49,1,37608,7027,0,22432,23758,1670,540
4301,49,1,37579,7003,0,22437,23950,1670,540
4302,49,1,37550,6982,0,22442,24098,1670,540
4303,49,1,37520,6963,0,22447,24278,1670,540
4304,49,1,37490,6946,0,22452,24470,1650,550
4305,49,1,37458,6931,0,22457,24654,1650,550
4306,49,1,37426,6920,0,22462,24826,1650,550
4307,49,1,37394,6909,0,22466,24922,1650,550
4308,49,1,37364,6901,0,22471,25054,1640,550
4309,49,1,37337,6895,0,22476,25246,1640,550
4310,49,1,37312,6889,0,22481,25426,1640,550
4311,49,1,37288,6886,0,22486,25570,1640,550
4312,49,1,37265,6883,0,22491,25690,1630,550
4313,49,1,37242,6881,0,22496,25822,1630,550
4314,49,1,37221,6880,0,22501,25970,1630,550
4315,49,1,37200,6879,0,22506,26126,1630,550
4316,49,1,37181,6879,0,22511,26294,1610,550
4317,49,1,37162,6879,0,22516,26462,1610,550
4318,49,1,37145,6879,0,22521,26582,1610,550
4319,49,1,37129,6879,0,22526,26702,1610,550
4320,49,1,37116,6882,0,22531,26822,1610,550
4321,49,1,37105,6886,0,22536,26942,1600,540
4322,49,1,37095,6888,0,22541,27074,1590,550
4323,49,1,37088,6891,0,22546,27254,1590,550
4324,49,1,37083,6895,0,22551,27590,1590,550
4325,49,1,37079,6900,0,22556,27882,1590,550
4326,49,1,37076,6906,0,22561,28134,1590,550
4327,49,1,37074,6914,0,22566,28386,1590,550
4328,49,1,37072,6924,0,22571,28746,1590,550
4329,49,1,37071,6935,0,22576,29214,1590,550
4330,49,1,37071,6948,0,22581,29490,1590,550
4331,49,1,37071,6962,0,22586,29706,1590,550
4332,49,1,37071,6976,0,22591,29970,1590,550
4333,49,1,37071,6990,0,22596,30306,1590,550
4334,49,1,37071,7007,0,22601,30534,1590,550
4335,49,1,37071,7025,0,22606,30654,1590,550
4336,49,1,37073,7044,0,22611,30738,1590,550
4337,49,1,37077,7065,0,22616,30750,1590,550
4338,49,1,37082,7086,0,22621,30762,1590,550
4339,49,1,37088,7108,0,22626,30762,1590,550
4340,49,1,37094,7129,0,22631,30762,1600,540
4341,49,1,37101,7150,0,22636,30750,1600,540
4342,49,1,37108,7171,0,22640,30738,1600,540
4343,49,1,37115,7193,0,22645,30726,1600,540
4344,49,1,37123,7218,0,22650,30722,1600,540
4345,49,1,37131,7244,0,22655,30714,1600,540
4346,49,1,37140,7272,0,22660,30702,1600,540
4347,49,1,37149,7300,0,22665,30694,1600,540
4348,49,1,37158,7329,0,22670,30686,1600,530
4349,49,1,37168,7358,0,22675,30682,1600,530
4350,49,1,37177,7388,0,22680,30678,1600,530
4351,49,1,37185,7416,0,22685,30670,1600,530
4352,49,1,37192,7440,0,22690,30658,1600,530
4353,49,1,37197,7457,0,22695,30610,1600,530
4354,49,1,37201,7469,0,22700,30610,1600,530
4355,49,1,37204,7478,0,22705,30606,1610,520
4356,49,1,37205,7485,0,22710,30602,1610,520
4357,49,1,37207,7492,0,22715,30590,1610,520
4358,49,1,37208,7500,0,22720,30506,1610,520
4359,49,1,37209,7510,0,22725,30410,1610,520
4360,49,1,37210,7520,0,22730,30254,1610,520
4361,49,1,37212,7531,0,22735,30170,1610,520
4362,49,1,37213,7541,0,22740,30062,1610,520
4363,49,1,37215,7550,0,22745,29978,1610,520
4364,49,1,37216,7558,0,22750,29906,1610,520
4365,49,1,37218,7566,0,22755,29822,1620,520
4366,49,1,37220,7573,0,22760,29714,1620,520
4367,49,1,37221,7579,0,22765,29534,1620,520
4368,49,1,37223,7585,0,22770,29330,1620,520
4369,49,1,37224,7590,0,22775,29054,1620,520
4370,49,1,37226,7595,0,22780,28766,1620,520
4371,49,1,37227,7599,0,22785,28370,1620,520
4372,49,1,37228,7602,0,22790,27890,1620,520
4373,49,1,37230,7605,0,22795,27202,1620,520
4374,49,1,37232,7607,0,22800,25794,1620,520
4375,49,1,37235,7608,0,22805,23246,1620,520
4376,49,1,37238,7608,0,22809,18421,1620,520
4377,49,1,37243,7608,0,22814,11389,1620,510
4378,49,1,37248,7608,0,22819,2272,1620,510
4379,50,0,37248,7608,0,22824,0,1620,510
4380,50,0,37260,7604,0,22829,0,1620,510
4381,50,0,37265,7600,0,22834,0,1620,510
4382,50,0,37270,7596,0,22839,0,1620,510
4383,50,0,37273,7591,20,22844,0,1620,510
4384,50,0,37278,7585,48,22849,0,1610,500
4385,50,0,37280,7581,88,22854,0,1620,500
4386,50,0,37286,7568,128,22859,0,1620,500
4387,50,0,37291,7557,168,22864,0,1620,490
4388,50,0,37294,7542,200,22869,0,1610,480
4389,50,0,37298,7524,240,22874,0,1620,480
4390,50,0,37299,7504,280,22879,0,1620,470
4391,50,0,37301,7479,308,22884,0,1610,460
4392,50,0,37301,7361,349,22889,0,1610,460
4393,50,0,37295,7232,381,22894,0,1610,450
4394,50,0,37288,7078,401,22899,0,1610,440
4395,50,0,37279,6912,421,22904,0,1600,440
4396,50,0,37275,6835,441,22909,0,1600,440
4397,50,0,37268,6758,441,22914,0,1600,440
4398,50,0,37262,6682,449,22919,0,1610,430
4399,50,0,37260,6579,449,22924,0,1600,430
4400,50,0,37260,6443,449,22929,0,1600,430
4401,50,0,37278,6309,449,22934,0,1600,430
4402,50,0,37311,6185,449,22939,0,1600,430
4403,50,0,37353,6109,449,22944,0,1600,430
4404,50,0,37353,6109,449,22949,0,0,900
4405,50,0,37396,6088,449,22952,0,0,900
4406,50,0,37500,5937,449,22973,0,0,900
4407,50,0,37661,5777,449,22989,0,0,900
4408,50,0,37795,5650,449,23005,0,0,900
4409,50,0,37873,5583,449,23030,0,0,900
4410,50,0,37842,5511,449,23046,0,0,900
4411,50,0,38312,9969,449,24579,0,2010,610
4412,50,0,38308,9969,449,24584,0,1980,610
4413,50,0,38290,9961,449,24588,0,1980,600
4414,50,0,38283,9946,449,24593,0,1950,590
4415,50,0,38253,9929,449,24598,0,1950,580
4416,50,0,38217,9898,449,24603,0,1930,570
4417,50,0,38174,9865,449,24608,0,1920,560
4418,50,0,38127,9827,449,24613,0,1900,550
4419,50,0,38079,9794,449,24618,0,1890,530
4420,50,0,38033,9765,449,24623,0,1880,520
4421,50,0,37989,9741,449,24628,0,1870,510
4422,50,0,37947,9727,449,24633,0,1860,500
4423,50,0,37908,9727,449,24638,0,1860,490
4424,50,0,37875,9727,449,24643,0,1860,490
4425,50,0,37848,9723,449,24648,0,1840,480
4426,50,0,37827,9723,449,24653,0,1840,480
4427,50,0,37827,9748,449,24658,0,1840,470
4428,50,0,37827,9770,449,24663,0,1840,460
4429,50,0,37824,9795,449,24668,0,1840,450
4430,50,0,37822,9824,449,24673,0,1830,450
4431,50,0,37815,9841,449,24678,0,1830,440
4432,50,0,37813,9841,449,24683,0,1830,440
4433,50,0,37813,9863,449,24688,0,1830,440
4434,50,0,37821,9878,449,24693,0,1830,430
4435,50,0,37845,9884,449,24698,0,1830,430
4436,50,0,37875,9907,449,24703,0,1830,430
4437,50,0,37913,9934,449,24708,0,1830,420
4438,50,0,37941,9935,449,24713,0,1830,420
4439,50,0,37970,9962,449,24718,0,1830,410
4440,50,0,37998,9968,449,24723,0,1830,410
4441,50,0,38020,9975,449,24728,0,1830,410
4442,50,0,38020,9996,449,24733,0,1830,410
4443,50,0,38020,10004,449,24738,0,1830,410
4444,50,0,38028,10025,449,24743,0,1830,410
4445,50,0,38028,10049,449,24748,0,1830,410
4446,50,0,38028,10054,449,24753,0,1830,410
4447,50,0,38026,10056,449,24758,0,1830,410
4448,50,0,38025,10067,449,24762,0,1830,410
4449,50,0,38024,10067,449,24767,0,1830,410
4450,50,0,38020,10066,449,24772,0,1830,410
4451,50,0,38015,10063,449,24777,0,1830,410
4452,50,0,38010,10059,449,24782,0,1830,410
4453,50,0,38003,10057,449,24787,0,1830,410
4454,50,0,37988,10054,449,24792,0,1820,410
4455,50,0,37965,10049,449,24797,0,1820,410
4456,50,0,37955,10046,449,24802,0,1820,410
4457,50,0,37947,10044,449,24807,0,1810,410
4458,50,0,37941,10044,449,24812,0,1810,410
4459,50,0,37927,10044,449,24817,0,1800,410
4460,50,0,37915,10042,449,24822,0,1800,410
4461,50,0,37906,10040,449,24827,0,1800,410
4462,50,0,37900,10034,449,24832,0,1800,410
4463,50,0,37900,10024,449,24837,0,1800,410
4464,50,0,37900,10016,449,24842,0,1790,410
4465,50,0,37908,9995,449,24847,0,1790,420
4466,50,0,37929,9961,449,24852,0,1790,420
4467,50,0,37964,9915,449,24857,0,1790,430
4468,50,0,38018,9850,449,24862,0,1790,430
4469,50,0,38093,9767,449,24867,0,1790,430
4470,50,0,38145,9711,449,24872,0,1790,430
4471,50,0,38191,9656,449,24877,0,1800,430
4472,50,0,38222,9613,449,24882,0,1800,430
4473,50,0,38217,9579,449,24887,0,1800,440
4474,50,0,38217,9555,449,24892,0,1800,440
4475,50,0,38217,9555,449,24897,0,1790,430
4476,50,0,38227,9523,449,24902,0,1790,430
4477,50,0,38224,9515,449,24907,0,1790,430
4478,50,0,38198,9507,449,24912,0,1790,430
4479,50,0,38164,9482,449,24917,0,1790,430
4480,50,0,38136,9473,449,24922,0,1790,430
4481,50,0,38106,9447,449,24927,0,1790,440
4482,50,0,38074,9420,449,24931,0,1790,440
4483,50,0,38043,9389,449,24936,0,1790,430
4484,50,0,38014,9370,449,24941,0,1780,430
4485,50,0,37988,9370,449,24946,0,1780,430
4486,50,0,37966,9366,449,24951,0,1780,430
4487,50,0,37945,9364,449,24956,0,1780,440
4488,50,0,37928,9349,449,24961,0,1780,440
4489,50,0,37928,9348,449,24966,0,1780,440
4490,50,0,37924,9348,449,24971,0,1780,440
4491,50,0,37919,9341,449,24976,0,1780,440
4492,50,0,37913,9336,449,24981,0,1780,440
4493,50,0,37902,9333,449,24986,0,1780,440
4494,50,0,37892,9329,449,24991,0,1780,440
4495,50,0,37883,9327,449,24996,0,1780,440
4496,50,0,37877,9321,449,25001,0,1780,440
4497,50,0,37872,9314,449,25006,0,1780,440
4498,50,0,37867,9302,449,25011,0,1780,440
4499,50,0,37863,9296,449,25016,0,1780,430
4500,50,0,37859,9283,449,25021,0,1780,430
4501,50,0,37854,9265,449,25026,0,1780,430
4502,50,0,37849,9240,449,25031,0,1780,430
4503,50,0,37843,9208,449,25036,0,1780,430
4504,50,0,37837,9173,449,25041,0,1780,430
4505,50,0,37830,9143,449,25046,0,1780,420
4506,50,0,37823,9098,449,25051,0,1780,420
4507,50,0,37816,9049,449,25056,0,1780,420
4508,50,0,37810,9007,449,25061,0,1780,420
4509,50,0,37806,9009,449,25066,0,1780,420
4510,50,0,37804,8961,449,25071,0,1780,430
4511,50,0,37804,8952,449,25076,0,1780,430
4512,50,0,37804,8907,449,25081,0,1780,430
4513,50,0,37806,8851,449,25086,0,1780,430
4514,50,0,37812,8806,449,25091,0,1780,430
4515,50,0,37821,8760,449,25096,0,1780,440
4516,50,0,37832,8729,449,25101,0,1780,440
4517,50,0,37850,8690,449,25105,0,1780,440
4518,50,0,37856,8641,449,25110,0,1790,450
4519,50,0,37867,8585,449,25115,0,1790,450
4520,50,0,37878,8526,449,25120,0,1790,450
4521,50,0,37886,8469,449,25125,0,1790,450
4522,50,0,37892,8416,449,25130,0,1790,460
4523,50,0,37896,8364,449,25135,0,1790,460
4524,50,0,37897,8317,449,25140,0,1800,470
4525,50,0,37897,8268,449,25145,0,1800,470
4526,50,0,37888,8217,449,25150,0,1800,470
4527,50,0,37861,8163,449,25155,0,1800,480
4528,50,0,37817,8102,449,25160,0,1790,470
4529,50,0,37751,8042,449,25165,0,1790,480
4530,50,0,37689,7987,449,25170,0,1790,480
4531,50,0,37617,7936,449,25175,0,1790,480
4532,50,0,37534,7894,449,25180,0,1790,490
4533,50,0,37449,7856,449,25185,0,1780,490
4534,50,0,37368,7811,449,25190,0,1780,490
4535,50,0,37279,7770,449,25195,0,1770,490
4536,50,0,37213,7738,449,25200,0,1770,490
4537,50,0,37222,7740,449,25205,0,1770,490
4538,50,0,37215,7736,449,25210,0,1750,490
4539,50,0,37204,7694,449,25215,0,1760,480
4540,50,0,37197,7671,449,25220,0,1740,480
4541,50,0,37168,7664,449,25225,0,1740,490
4542,50,0,37152,7655,449,25230,0,1740,480
4543,50,0,37147,7626,449,25235,0,1730,480
4544,50,0,37156,7600,449,25240,0,1730,480
4545,50,0,37188,7561,449,25245,0,1730,480
4546,50,0,37233,7533,449,25250,0,1730,480
4547,50,0,37290,7502,449,25255,0,1720,480
4548,50,0,37329,7474,449,25260,0,1720,470
4549,50,0,37368,7453,449,25265,0,1720,470
4550,50,0,37405,7453,449,25270,0,1720,470
4551,50,0,37448,7445,449,25274,0,1720,470
4552,50,0,37486,7418,449,25279,0,1720,470
4553,50,0,37519,7399,449,25284,0,1720,470
4554,50,0,37547,7397,449,25289,0,1720,470
4555,50,0,37546,7396,449,25294,0,1720,470
4556,50,0,37555,7394,449,25299,0,1720,470
4557,50,0,37594,7393,449,25304,0,1720,470
4558,50,0,37606,7385,449,25309,0,1730,460
4559,50,0,37645,7383,449,25314,0,1740,460
4560,50,0,37692,7383,449,25319,0,1740,460
4561,50,0,37725,7383,449,25324,0,1740,460
4562,50,0,37749,7383,449,25329,0,1740,460
4563,50,0,37749,7385,441,25334,0,1750,460
4564,50,0,37777,7387,441,25339,0,1750,460
4565,50,0,37805,7391,441,25344,0,1750,460
4566,50,0,37831,7395,429,25349,0,1750,460
4567,50,0,37850,7401,429,25354,0,1750,460
4568,50,0,37850,7404,429,25359,0,1750,460
4569,50,0,37850,7406,421,25364,0,1750,460
4570,50,0,37853,7407,421,25369,0,1760,460
4571,50,0,37864,7408,421,25374,0,1760,460
4572,50,0,37872,7408,409,25379,0,1760,460
4573,50,0,37879,7408,401,25384,0,1760,470
4574,50,0,37882,7408,389,25389,0,1770,470
4575,50,0,37886,7408,389,25394,0,1770,470
4576,50,0,37902,7410,381,25399,0,1770,470
4577,50,0,37924,7412,381,25404,0,1780,470
4578,50,0,37936,7412,381,25409,0,1780,470
4579,50,0,37953,7412,381,25414,0,1780,470
4580,50,0,37969,7412,381,25419,0,1780,470
4581,50,0,37984,7412,381,25424,0,1780,470
4582,50,0,37999,7412,381,25429,0,1790,470
4583,50,0,38012,7408,381,25434,0,1790,470
4584,50,0,38014,7400,381,25439,0,1790,480
4585,50,0,38016,7391,389,25444,0,1790,480
4586,50,0,38016,7382,389,25448,0,1800,480
4587,50,0,38017,7366,389,25453,0,1800,480
4588,50,0,38024,7345,389,25458,0,1800,480
4589,50,0,38035,7306,389,25463,0,1800,480
4590,50,0,38043,7261,389,25468,0,1800,480
4591,50,0,38060,7245,381,25473,0,1800,480
4592,50,0,38087,7192,381,25478,0,1800,480
4593,50,0,38119,7149,381,25483,0,1800,480
4594,50,0,38154,7142,381,25488,0,1800,480
4595,50,0,38183,7125,381,25493,0,1800,480
4596,50,0,38213,7120,369,25498,0,1800,480
4597,50,0,38243,7103,369,25503,0,1800,480
4598,50,0,38271,7098,369,25508,0,1800,480
4599,50,0,38305,7089,369,25513,0,1800,480
4600,50,0,38331,7070,369,25518,0,1800,480
4601,50,0,38338,7063,369,25523,0,1800,480
4602,50,0,38347,7049,369,25528,0,1800,480
4603,50,0,38372,7021,369,25533,0,1800,480
4604,50,0,38373,7011,381,25538,0,1800,480
4605,50,0,38373,6979,381,25543,0,1800,480
4606,50,0,38373,6950,381,25548,0,1800,480
4607,50,0,38373,6923,381,25553,0,1800,480
4608,50,0,38373,6899,369,25558,0,1790,480
4609,50,0,38373,6883,369,25563,0,1790,480
4610,50,0,38370,6867,369,25568,0,1790,490
4611,50,0,38364,6853,369,25573,0,1790,490
4612,50,0,38358,6840,369,25578,0,1790,490
4613,50,0,38351,6834,369,25583,0,1790,490
4614,50,0,38334,6810,369,25588,0,1790,490
4615,50,0,38312,6770,369,25593,0,1790,490
4616,50,0,38302,6760,369,25598,0,1790,500
4617,50,0,38286,6752,369,25603,0,1790,500
4618,50,0,38269,6748,369,25608,0,1790,500
4619,50,0,38252,6734,369,25613,0,1790,500
4620,50,0,38221,6720,361,25617,0,1790,500
4621,50,0,38198,6703,361,25622,0,1790,500
4622,50,0,38172,6703,361,25627,0,1790,500
4623,50,0,38161,6697,361,25632,0,1790,500
4624,50,0,38126,6687,361,25637,0,1790,500
4625,50,0,38095,6682,361,25642,0,1790,510
4626,50,0,38073,6672,361,25647,0,1790,510
4627,50,0,38052,6662,361,25652,0,1780,510
4628,50,0,38031,6651,361,25657,0,1780,510
4629,50,0,38012,6644,361,25662,0,1780,510
4630,50,0,37993,6635,361,25667,0,1780,510
4631,50,0,37976,6629,361,25672,0,1760,510
4632,50,0,37921,6612,361,25677,0,1760,510
4633,50,0,37863,6585,349,25682,0,1760,510
4634,50,0,37805,6552,349,25687,0,1760,510
4635,50,0,37747,6541,349,25692,0,1760,520
4636,50,0,37727,6531,341,25697,0,1760,520
4637,50,0,37710,6496,341,25702,0,1760,520
4638,50,0,37692,6464,341,25707,0,1760,520
4639,50,0,37674,6448,328,25712,0,1750,520
4640,50,0,37654,6428,328,25717,0,1750,520
4641,50,0,37635,6422,328,25722,0,1750,520
4642,50,0,37615,6417,320,25727,0,1750,520
4643,50,0,37596,6413,320,25732,0,1740,520
4644,50,0,37577,6403,308,25737,0,1740,520
4645,50,0,37560,6394,308,25742,0,1740,520
4646,50,0,37544,6387,300,25747,0,1740,520
4647,50,0,37529,6381,300,25752,0,1730,510
4648,50,0,37516,6377,300,25757,0,1720,520
4649,50,0,37500,6373,300,25762,0,1720,520
4650,50,0,37481,6369,300,25767,0,1720,520
4651,50,0,37455,6365,288,25772,0,1720,520
4652,50,0,37427,6362,288,25777,0,1710,520
4653,50,0,37399,6361,288,25782,0,1710,520
4654,50,0,37373,6360,288,25787,0,1710,520
4655,50,0,37350,6360,288,25791,0,1710,520
4656,50,0,37327,6360,280,25796,0,1710,520
4657,50,0,37303,6362,280,25801,0,1700,510
4658,50,0,37276,6370,280,25806,0,1700,510
4659,50,0,37245,6378,268,25811,0,1700,520
4660,50,0,37210,6388,268,25816,0,1700,520
4661,50,0,37171,6397,268,25821,0,1700,520
4662,50,0,37127,6406,268,25826,0,1700,520
4663,50,0,37080,6415,268,25831,0,1690,510
4664,50,0,37029,6423,268,25836,0,1690,510
4665,50,0,36976,6431,268,25841,0,1690,510
4666,50,0,36921,6438,268,25846,0,1690,510
4667,50,0,36865,6445,268,25851,0,1690,510
4668,50,0,36809,6451,268,25856,0,1690,510
4669,50,0,36753,6457,268,25861,0,1690,510
4670,50,0,36633,6473,268,25866,0,1690,510
4671,50,0,36522,6499,260,25871,0,1690,510
4672,50,0,36424,6530,260,25876,0,1690,510
4673,50,0,36403,6538,260,25881,0,1690,510
4674,50,0,36388,6557,248,25886,0,1690,510
4675,50,0,36327,6574,248,25891,0,1680,520
4676,50,0,36318,6578,248,25896,0,1670,520
4677,50,0,36311,6580,240,25901,0,1670,520
4678,50,0,36306,6581,240,25906,0,1670,520
4679,50,0,36302,6582,228,25911,0,1670,520
4680,50,0,36299,6584,228,25916,0,1660,530
4681,50,0,36298,6587,220,25921,0,1660,530
4682,50,0,36298,6591,220,25926,0,1660,530
4683,50,0,36298,6594,220,25931,0,1650,530
4684,50,0,36298,6599,208,25936,0,1650,530
4685,50,0,36298,6605,200,25941,0,1650,530
4686,50,0,36303,6612,188,25946,0,1640,540
4687,50,0,36315,6625,180,25951,0,1640,540
4688,50,0,36335,6643,168,25956,0,1640,540
4689,50,0,36355,6658,160,25960,0,1640,540
4690,50,0,36378,6675,148,25965,0,1640,540
4691,50,0,36402,6693,140,25970,0,1640,550
4692,50,0,36428,6714,140,25975,0,1640,550
4693,50,0,36456,6739,140,25980,0,1640,550
4694,50,0,36485,6767,140,25985,0,1640,550
4695,50,0,36515,6798,148,25990,0,1640,550
4696,50,0,36542,6829,160,25995,0,1640,550
4697,50,0,36570,6864,168,26000,0,1640,550
4698,50,0,36598,6902,180,26005,0,1650,550
4699,50,0,36625,6942,188,26010,0,1650,550
4700,50,0,36653,6982,200,26015,0,1650,550
4701,50,0,36679,7024,208,26020,0,1650,550
4702,50,0,36703,7065,220,26025,0,1650,550
4703,50,0,36726,7108,228,26030,0,1650,550
4704,50,0,36750,7155,240,26035,0,1650,550
4705,50,0,36771,7201,240,26040,0,1650,550
4706,50,0,36790,7246,240,26045,0,1650,550
4707,50,0,36806,7288,240,26050,0,1650,550
4708,50,0,36821,7331,228,26055,0,1650,550
4709,50,0,36833,7369,208,26060,0,1640,550
4710,50,0,36836,7405,188,26065,0,1640,550
4711,50,0,36841,7435,168,26070,0,1640,550
4712,50,0,36843,7454,140,26075,0,1640,550
4713,50,0,36843,7458,120,26080,0,1640,550
4714,50,0,36843,7468,108,26085,0,1640,550
4715,50,0,36843,7471,108,26090,0,1640,550
4716,50,0,36843,7471,120,26095,0,1640,550
4717,50,0,36843,7470,128,26100,0,1640,540
4718,50,0,36843,7456,148,26105,0,1640,540
4719,50,0,36843,7443,160,26110,0,1640,540
4720,50,0,36843,7426,180,26115,0,1660,530
4721,50,0,36843,7405,188,26120,0,1660,530
4722,50,0,36843,7382,188,26125,0,1660,530
4723,50,0,36843,7356,200,26130,0,1660,530
4724,50,0,36840,7327,200,26134,0,1660,530
4725,50,0,36831,7297,200,26139,0,1660,530
4726,50,0,36815,7269,208,26144,0,1660,530
4727,50,0,36800,7234,208,26149,0,1660,530
4728,50,0,36785,7204,208,26154,0,1660,530
4729,50,0,36768,7174,208,26159,0,1660,530
4730,50,0,36750,7141,208,26164,0,1680,520
4731,50,0,36734,7114,220,26169,0,1680,520
4732,50,0,36715,7084,220,26174,0,1680,520
4733,50,0,36698,7057,220,26179,0,1680,520
4734,50,0,36682,7032,220,26184,0,1690,510
4735,50,0,36668,7010,228,26189,0,1690,510
4736,50,0,36656,6992,228,26194,0,1690,510
4737,50,0,36651,6976,228,26199,0,1690,510
4738,50,0,36647,6964,228,26204,0,1690,510
4739,50,0,36639,6960,228,26209,0,1690,510
4740,50,0,36633,6956,228,26214,0,1690,510
4741,50,0,36628,6948,228,26219,0,1690,510
4742,50,0,36624,6943,220,26224,0,1690,510
4743,50,0,36621,6939,220,26229,0,1690,510
4744,50,0,36617,6937,220,26234,0,1690,510
4745,50,0,36613,6936,220,26239,0,1690,510
4746,50,0,36609,6936,220,26244,0,1690,510
4747,50,0,36604,6936,208,26249,0,1690,510
4748,50,0,36600,6936,208,26254,0,1690,500
4749,50,0,36595,6937,208,26259,0,1690,500
4750,50,0,36590,6942,208,26264,0,1690,500
4751,50,0,36585,6949,200,26269,0,1690,500
4752,50,0,36581,6957,200,26274,0,1690,500
4753,50,0,36578,6964,188,26279,0,1690,500
4754,50,0,36574,6973,188,26284,0,1690,500
4755,50,0,36571,6982,180,26289,0,1690,500
4756,50,0,36567,6996,168,26294,0,1690,500
4757,50,0,36563,7004,160,26299,0,1690,500
4758,50,0,36560,7012,148,26303,0,1690,500
4759,50,0,36556,7018,140,26308,0,1690,500
4760,50,0,36551,7023,140,26313,0,1690,500
4761,50,0,36546,7026,128,26318,0,1690,500
4762,50,0,36542,7029,120,26323,0,1690,500
4763,50,0,36538,7030,120,26328,0,1690,500
4764,50,0,36536,7030,108,26333,0,1690,510
4765,50,0,36535,7031,108,26338,0,1690,510
4766,50,0,36535,7032,108,26343,0,1700,520
4767,50,0,36535,7034,100,26348,0,1700,520
4768,50,0,36543,7038,100,26353,0,1700,520
4769,50,0,36553,7043,100,26358,0,1700,520
4770,50,0,36564,7049,100,26363,0,1700,520
4771,50,0,36576,7056,100,26368,0,1700,520
4772,50,0,36588,7067,100,26373,0,1700,520
4773,50,0,36600,7075,100,26378,0,1700,520
4774,50,0,36611,7083,100,26383,0,1700,510
4775,50,0,36621,7087,100,26388,0,1700,510
4776,50,0,36630,7094,100,26393,0,1700,510
4777,50,0,36633,7100,100,26398,0,1700,510
4778,50,0,36639,7104,100,26403,0,1700,510
4779,50,0,36644,7107,100,26408,0,1700,510
4780,50,0,36647,7110,100,26413,0,1700,510
4781,50,0,36649,7110,100,26418,0,1700,510
4782,50,0,36649,7110,100,26423,0,1700,510
4783,50,0,36649,7110,88,26428,0,1700,510
4784,50,0,36649,7110,88,26433,0,1700,510
4785,50,0,36650,7110,88,26438,0,1700,510
4786,50,0,36650,7106,88,26443,0,1700,510
4787,50,0,36651,7101,88,26448,0,1700,510
4788,50,0,36653,7094,80,26453,0,1700,520
4789,50,0,36654,7089,80,26458,0,1700,520
4790,50,0,36656,7084,80,26463,0,1700,520
4791,50,0,36658,7080,80,26468,0,1700,520
4792,50,0,36659,7075,80,26473,0,1700,520
4793,50,0,36661,7071,68,26477,0,1700,520
4794,50,0,36663,7069,68,26482,0,1700,520
4795,50,0,36664,7067,68,26487,0,1700,520
4796,50,0,36666,7067,68,26492,0,1700,520
4797,50,0,36667,7067,68,26497,0,1700,520
4798,50,0,36669,7067,68,26502,0,1700,520
4799,50,0,36671,7067,68,26507,0,1700,520
4800,50,0,36673,7067,68,26512,0,1700,520
4801,50,0,36675,7067,68,26517,0,1700,520
4802,50,0,36677,7066,68,26522,0,1700,520
4803,50,0,36679,7066,68,26527,0,1700,520
4804,50,0,36682,7064,68,26532,0,1700,520
4805,50,0,36684,7062,68,26537,0,1700,520
4806,50,0,36687,7059,80,26542,0,1700,520
4807,50,0,36690,7056,80,26547,0,1700,520
4808,50,0,36694,7051,80,26552,0,1700,520
4809,50,0,36697,7047,80,26557,0,1700,520
4810,50,0,36701,7042,80,26562,0,1700,520
4811,50,0,36705,7036,80,26567,0,1700,520
4812,50,0,36709,7030,80,26572,0,1700,520
4813,50,0,36713,7023,80,26577,0,1700,520
4814,50,0,36717,7016,80,26582,0,1700,520
4815,50,0,36722,7008,80,26587,0,1700,520
4816,50,0,36726,7000,80,26592,0,1700,520
4817,50,0,36728,6992,88,26597,0,1700,520
4818,50,0,36732,6984,88,26602,0,1710,530
4819,50,0,36737,6980,88,26607,0,1710,530
4820,50,0,36742,6967,100,26612,0,1710,530
4821,50,0,36747,6958,100,26617,0,1710,530
4822,50,0,36753,6947,108,26622,0,1710,530
4823,50,0,36760,6935,108,26627,0,1710,530
4824,50,0,36767,6924,120,26632,0,1710,530
4825,50,0,36773,6913,120,26637,0,1710,520
4826,50,0,36780,6908,128,26642,0,1710,520
4827,50,0,36786,6891,140,26646,0,1710,520
4828,50,0,36793,6880,140,26651,0,1710,520
4829,50,0,36799,6867,148,26656,0,1710,520
4830,50,0,36806,6854,160,26661,0,1710,520
4831,50,0,36812,6843,168,26666,0,1710,520
4832,50,0,36817,6838,168,26671,0,1710,520
4833,50,0,36822,6823,168,26676,0,1710,520
4834,50,0,36824,6814,180,26681,0,1710,510
4835,50,0,36827,6803,180,26686,0,1710,510
4836,50,0,36830,6794,180,26691,0,1710,510
4837,50,0,36833,6790,180,26696,0,1710,510
4838,50,0,36835,6786,180,26701,0,1710,510
4839,50,0,36836,6778,180,26706,0,1710,510
4840,50,0,36836,6770,180,26711,0,1710,510
4841,50,0,36836,6760,168,26716,0,1710,510
4842,50,0,36836,6753,168,26721,0,1710,510
4843,50,0,36836,6748,168,26726,0,1710,510
4844,50,0,36836,6743,160,26731,0,1710,510
4845,50,0,36832,6739,160,26736,0,1710,510
4846,50,0,36827,6737,160,26741,0,1710,510
4847,50,0,36822,6735,148,26746,0,1710,510
4848,50,0,36816,6733,148,26751,0,1710,510
4849,50,0,36810,6731,148,26756,0,1710,510
4850,50,0,36803,6730,148,26761,0,1710,510
4851,50,0,36797,6729,148,26766,0,1710,510
4852,50,0,36789,6729,148,26771,0,1710,510
4853,50,0,36782,6729,160,26776,0,1710,510
4854,50,0,36775,6729,160,26781,0,1710,510
4855,50,0,36768,6729,160,26786,0,1710,510
4856,50,0,36761,6729,160,26791,0,1710,510
4857,50,0,36755,6729,160,26796,0,1710,510
4858,50,0,36749,6729,168,26801,0,1710,510
4859,50,0,36744,6729,168,26806,0,1710,510
4860,50,0,36740,6730,168,26811,0,1710,510
4861,50,0,36736,6731,168,26816,0,1710,510
4862,50,0,36732,6732,168,26820,0,1700,510
4863,50,0,36729,6733,168,26825,0,1700,510
4864,50,0,36727,6733,168,26830,0,1700,510
4865,50,0,36725,6734,168,26835,0,1700,510
4866,50,0,36724,6734,168,26840,0,1700,510
4867,50,0,36723,6735,160,26845,0,1700,510
4868,50,0,36723,6736,160,26850,0,1700,510
4869,50,0,36722,6738,160,26855,0,1700,510
4870,50,0,36722,6741,160,26860,0,1700,510
4871,50,0,36722,6745,148,26865,0,1700,510
4872,50,0,36721,6749,148,26870,0,1700,510
4873,50,0,36720,6754,148,26875,0,1700,510
4874,50,0,36719,6760,140,26880,0,1700,510
4875,50,0,36717,6766,140,26885,0,1700,510
4876,50,0,36715,6774,128,26890,0,1700,510
4877,50,0,36712,6786,128,26895,0,1700,510
4878,50,0,36709,6791,128,26900,0,1700,510
4879,50,0,36706,6799,128,26905,0,1700,510
4880,50,0,36703,6809,128,26910,0,1700,510
4881,50,0,36699,6821,128,26915,0,1700,510
4882,50,0,36697,6825,128,26920,0,1700,510
4883,50,0,36694,6833,128,26925,0,1700,510
4884,50,0,36692,6841,128,26930,0,1700,510
4885,50,0,36690,6848,120,26935,0,1700,510
4886,50,0,36689,6855,120,26940,0,1700,510
4887,50,0,36689,6862,120,26945,0,1700,510
4888,50,0,36689,6869,108,26950,0,1700,510
4889,50,0,36689,6876,108,26955,0,1700,510
4890,50,0,36689,6883,108,26960,0,1700,510
4891,50,0,36689,6889,108,26965,0,1700,510
4892,50,0,36689,6895,100,26970,0,1700,510
4893,50,0,36688,6900,100,26975,0,1700,510
4894,50,0,36688,6906,100,26980,0,1700,510
4895,50,0,36687,6911,100,26985,0,1700,510
4896,50,0,36687,6917,100,26989,0,1700,510
4897,50,0,36685,6922,88,26994,0,1700,520
4898,50,0,36684,6927,88,26999,0,1700,520
4899,50,0,36683,6931,88,27004,0,1700,520
4900,50,0,36682,6935,88,27009,0,1700,520
4901,50,0,36681,6938,88,27014,0,1700,520
4902,50,0,36681,6940,88,27019,0,1700,520
4903,50,0,36680,6941,88,27024,0,1700,520
4904,50,0,36679,6942,88,27029,0,1700,520
4905,50,0,36678,6942,88,27034,0,1700,520
4906,50,0,36678,6942,88,27039,0,1700,520
4907,50,0,36677,6942,88,27044,0,1700,520
4908,50,0,36676,6942,88,27049,0,1700,520
4909,50,0,36675,6942,88,27054,0,1700,520
4910,50,0,36674,6941,88,27059,0,1700,520
4911,50,0,36672,6939,88,27064,0,1700,520
4912,50,0,36670,6937,80,27069,0,1700,520
4913,50,0,36669,6936,80,27074,0,1700,520
4914,50,0,36668,6936,80,27079,0,1700,520
4915,50,0,36668,6936,80,27084,0,1700,520
4916,50,0,36668,6936,80,27089,0,1700,520
4917,50,0,36667,6936,68,27094,0,1700,520
4918,50,0,36667,6936,68,27099,0,1700,520
4919,50,0,36667,6936,68,27104,0,1700,520
4920,50,0,36667,6937,60,27109,0,1700,520
4921,50,0,36666,6939,60,27114,0,1690,530
4922,50,0,36665,6942,60,27119,0,1690,530
4923,50,0,36663,6946,48,27124,0,1690,530
4924,50,0,36659,6950,48,27129,0,1690,530
4925,50,0,36655,6955,48,27134,0,1690,530
4926,50,0,36650,6959,40,27139,0,1690,530
4927,50,0,36644,6963,40,27144,0,1690,530
4928,50,0,36638,6966,40,27149,0,1690,530
4929,50,0,36631,6970,40,27154,0,1690,530
4930,50,0,36625,6974,40,27159,0,1690,530
4931,50,0,36619,6980,40,27163,0,1690,530
4932,50,0,36614,6985,40,27168,0,1690,530
4933,50,0,36611,6991,40,27173,0,1680,520
4934,50,0,36610,6998,40,27178,0,1680,520
4935,50,0,36610,7004,40,27183,0,1680,520
4936,50,0,36610,7011,40,27188,0,1680,520
4937,50,0,36610,7018,40,27193,0,1680,520
4938,50,0,36613,7024,40,27198,0,1680,520
4939,50,0,36620,7029,40,27203,0,1680,520
4940,50,0,36627,7035,40,27208,0,1680,520
4941,50,0,36634,7040,40,27213,0,1680,530
4942,50,0,36642,7044,28,27218,0,1680,530
4943,50,0,36648,7048,28,27223,0,1680,530
4944,50,0,36654,7051,28,27228,0,1680,530
4945,50,0,36660,7054,28,27233,0,1680,520
4946,50,0,36664,7056,28,27238,0,1680,520
4947,50,0,36667,7057,20,27243,0,1680,520
4948,50,0,36670,7057,20,27248,0,1680,520
4949,50,0,36672,7058,20,27253,0,1680,520
4950,50,0,36675,7059,20,27258,0,1680,520
4951,50,0,36677,7060,20,27263,0,1680,520
4952,50,0,36679,7062,20,27268,0,1680,520
4953,50,0,36682,7064,20,27273,0,1680,520
4954,50,0,36685,7066,20,27278,0,1680,520
4955,50,0,36688,7070,20,27283,0,1680,520
4956,50,0,36693,7074,20,27288,0,1680,520
4957,50,0,36697,7079,20,27293,0,1680,520
4958,50,0,36703,7083,20,27298,0,1680,520
4959,50,0,36709,7088,20,27303,0,1680,520
4960,50,0,36717,7094,8,27308,0,1680,520
4961,50,0,36725,7099,8,27313,0,1680,520
4962,50,0,36732,7104,8,27318,0,1680,520
4963,50,0,36739,7108,0,27323,0,1680,520
4964,50,0,36745,7111,0,27328,0,1680,520
4965,50,0,36749,7114,0,27332,0,1680,530
4966,50,0,36753,7116,0,27337,0,1680,530
4967,50,0,36757,7117,0,27342,0,1680,530
4968,50,0,36760,7118,0,27347,0,1690,530
4969,50,0,36765,7120,0,27352,0,1690,530
4970,50,0,36770,7123,0,27357,0,1690,530
4971,50,0,36775,7126,0,27362,0,1690,530
4972,50,0,36780,7130,0,27367,0,1690,530
4973,50,0,36782,7133,0,27372,0,1690,540
4974,50,0,36784,7135,0,27377,0,1690,540
4975,50,0,36787,7138,0,27382,0,1690,540
4976,50,0,36791,7140,0,27387,0,1690,540
4977,50,0,36795,7142,0,27392,0,1690,540
4978,50,0,36800,7144,0,27397,0,1690,540
4979,51,1,36805,7145,0,27398,1020,1690,540
4980,51,1,36810,7146,0,27399,3396,1690,540
4981,51,1,36815,7147,0,27400,8288,1690,540
4982,51,1,36819,7147,0,27401,11213,1690,540
4983,51,1,36822,7148,0,27402,13845,1680,550
4984,51,1,36825,7148,0,27402,16069,1680,550
4985,51,1,36826,7148,0,27407,17909,1680,550
4986,51,1,36827,7148,0,27412,19329,1680,550
4987,51,1,36828,7148,0,27417,20477,1680,550
4988,51,1,36829,7148,0,27422,21353,1680,550
4989,51,1,36829,7148,0,27427,22050,1680,550
4990,51,1,36829,7148,0,27432,22594,1680,550
4991,51,1,36829,7148,0,27437,23006,1680,550
4992,51,1,36829,7148,0,27442,23294,1680,550
4993,51,1,36829,7148,0,27447,23502,1680,560
4994,51,1,36829,7146,0,27452,23658,1680,560
4995,51,1,36829,7143,0,27457,23778,1680,560
4996,51,1,36829,7140,0,27462,23886,1680,560
4997,51,1,36828,7138,0,27467,23970,1680,560
4998,51,1,36826,7137,0,27472,24046,1680,560
4999,51,1,36825,7137,0,27477,24046,1680,560
5000,51,1,36824,7137,0,27482,24038,1680,560
5001,51,1,36823,7136,0,27487,24026,1680,560
5002,51,1,36823,7135,0,27492,23962,1690,570
5003,51,1,36822,7133,0,27497,23950,1690,570
5004,51,1,36822,7131,0,27502,23890,1690,570
5005,51,1,36821,7125,0,27507,23842,1690,570
5006,51,1,36819,7115,0,27512,23794,1690,570
5007,51,1,36816,7097,0,27517,23794,1690,570
5008,51,1,36809,7072,0,27522,24470,1690,580
5009,51,1,36800,7044,0,27527,25114,1690,580
5010,51,1,36788,7013,0,27532,25378,1690,580
5011,51,1,36772,6980,0,27537,25558,1690,580
5012,51,1,36751,6945,0,27542,25714,1690,580
5013,51,1,36724,6907,0,27547,25874,1680,580
5014,51,1,36692,6867,0,27552,25970,1680,580
5015,51,1,36658,6827,0,27556,26054,1680,580
5016,51,1,36622,6789,0,27561,26114,1670,580
5017,51,1,36586,6754,0,27566,26114,1670,580
5018,51,1,36549,6722,0,27571,26006,1670,580
5019,51,1,36511,6692,0,27576,25666,1670,580
5020,51,1,36473,6664,0,27581,25078,1650,590
5021,51,1,36436,6640,0,27586,24266,1650,590
5022,51,1,36401,6621,0,27591,23154,1650,590
5023,51,1,36370,6608,0,27596,20809,1650,590
5024,51,1,36342,6601,0,27601,16441,1630,590
5025,51,1,36319,6600,0,27606,11045,1630,590
5026,51,1,36299,6601,0,27611,3296,1640,580
5027,52,0,36299,6601,0,27616,0,1640,580
5028,52,0,36276,6621,0,27621,0,1640,580
5029,52,0,36272,6630,0,27626,0,1620,580
5030,52,0,36272,6635,8,27631,0,1620,580
5031,52,0,36272,6641,20,27636,0,1630,570
5032,52,0,36276,6647,28,27641,0,1630,570
5033,52,0,36283,6654,28,27646,0,1630,570
5034,52,0,36291,6661,40,27651,0,1630,570
5035,52,0,36300,6671,48,27656,0,1630,560
5036,52,0,36310,6682,60,27661,0,1630,560
5037,52,0,36323,6699,68,27666,0,1640,550
5038,52,0,36340,6720,80,27671,0,1640,550
5039,52,0,36360,6745,80,27676,0,1640,540
5040,52,0,36384,6776,88,27681,0,1640,540
5041,52,0,36410,6809,80,27686,0,1640,540
5042,52,0,36436,6845,80,27691,0,1650,530
5043,52,0,36463,6885,80,27696,0,1650,530
5044,52,0,36490,6926,68,27701,0,1650,530
5045,52,0,36515,6969,68,27706,0,1650,530
5046,52,0,36542,7018,60,27711,0,1660,520
5047,52,0,36566,7068,48,27716,0,1660,520
5048,52,0,36586,7116,40,27721,0,1660,520
5049,52,0,36604,7164,28,27726,0,1660,520
5050,52,0,36615,7206,28,27730,0,1660,520
5051,52,0,36623,7245,20,27735,0,1660,520
5052,52,0,36629,7286,20,27740,0,1660,520
5053,52,0,36633,7344,8,27745,0,1660,520
5054,52,0,36635,7394,8,27750,0,1660,520
5055,52,0,36637,7438,0,27755,0,1660,520
5056,52,0,36637,7470,0,27760,0,1660,520
5057,52,0,36637,7479,0,27765,0,1660,520
5058,52,0,36637,7490,0,27770,0,1660,520
5059,52,0,36637,7501,0,27775,0,1660,520
5060,52,0,36637,7514,0,27780,0,1660,520
5061,52,0,36636,7525,0,27785,0,1660,520
5062,52,0,36632,7535,0,27790,0,1660,530
5063,52,0,36628,7543,0,27795,0,1660,530
5064,52,0,36625,7550,0,27800,0,1660,530
5065,53,1,36623,7555,0,27811,1948,1660,530
5066,53,1,36623,7558,0,27816,10776,1660,530
5067,53,1,36623,7560,0,27821,15965,1660,530
5068,53,1,36623,7560,0,27826,18733,1660,530
5069,53,1,36622,7561,0,27830,20985,1660,530
5070,53,1,36622,7561,0,27835,22818,1660,530
5071,53,1,36621,7561,0,27840,24174,1660,530
5072,53,1,36621,7561,0,27845,25142,1660,530
5073,53,1,36621,7561,0,27850,25778,1660,540
5074,53,1,36621,7561,0,27855,26166,1660,540
5075,53,1,36621,7561,0,27860,26370,1660,540
5076,53,1,36621,7561,0,27865,26430,1660,540
5077,53,1,36621,7561,0,27870,26430,1660,540
5078,53,1,36620,7559,0,27875,26238,1670,540
5079,53,1,36619,7549,0,27880,25986,1670,540
5080,53,1,36618,7531,0,27885,25682,1670,540
5081,53,1,36615,7501,0,27890,25682,1670,540
5082,53,1,36611,7461,0,27895,25814,1670,550
5083,53,1,36606,7413,0,27900,26082,1670,550
5084,53,1,36601,7362,0,27905,26238,1670,550
5085,53,1,36594,7310,0,27910,26358,1670,550
5086,53,1,36587,7258,0,27915,26430,1660,560
5087,53,1,36577,7206,0,27920,26442,1660,560
5088,53,1,36565,7154,0,27925,26526,1660,560
5089,53,1,36549,7102,0,27930,26538,1660,560
5090,53,1,36531,7049,0,27935,26538,1660,560
5091,53,1,36509,6996,0,27940,26394,1660,560
5092,53,1,36485,6946,0,27945,25742,1660,570
5093,53,1,36459,6898,0,27950,24670,1660,570
5094,53,1,36431,6854,0,27955,22954,1660,570
5095,53,1,36403,6816,0,27960,18205,1660,570
5096,53,1,36373,6771,0,27965,10332,1660,570
5097,53,1,36350,6737,0,27970,296,1660,570
5098,54,0,36350,6737,0,27975,0,1660,570
5099,54,0,36321,6686,0,27980,0,1660,570
5100,54,0,36318,6677,20,27985,0,1660,570
5101,54,0,36314,6665,48,27990,0,1660,560
5102,54,0,36310,6654,68,27995,0,1660,560
5103,54,0,36308,6644,100,28000,0,1660,560
5104,54,0,36303,6634,120,28004,0,1670,550
5105,54,0,36299,6630,152,28009,0,1670,550
5106,54,0,36296,6627,172,28014,0,1670,550
5107,54,0,36291,6620,192,28019,0,1660,540
5108,54,0,36285,6614,212,28024,0,1660,540
5109,54,0,36266,6604,232,28029,0,1660,540
5110,54,0,36235,6594,252,28034,0,1660,530
5111,54,0,36189,6591,272,28039,0,1660,530
5112,54,0,36150,6590,284,28044,0,1670,520
5113,54,0,36122,6586,304,28049,0,1670,520
5114,54,0,36087,6585,304,28054,0,1660,520
5115,54,0,36046,6585,304,28059,0,1660,520
5116,54,0,35999,6585,304,28064,0,1660,510
5117,54,0,35955,6592,304,28069,0,1660,510
5118,54,0,35915,6596,304,28074,0,1660,510
5119,54,0,35876,6606,292,28079,0,1660,510
5120,54,0,35847,6620,284,28084,0,1660,510
5121,54,0,35842,6623,272,28089,0,1660,510
5122,54,0,35839,6632,264,28094,0,1660,510
5123,54,0,35828,6643,252,28099,0,1670,500
5124,54,0,35824,6651,232,28104,0,1670,500
5125,54,0,35824,6657,212,28109,0,1680,500
5126,54,0,35825,6669,204,28114,0,1680,500
5127,54,0,35830,6683,180,28119,0,1680,500
5128,54,0,35836,6693,172,28124,0,1680,500
5129,54,0,35844,6704,160,28129,0,1690,510
5130,54,0,35850,6715,140,28134,0,1690,510
5131,54,0,35856,6729,132,28139,0,1690,510
5132,54,0,35868,6746,120,28144,0,1690,510
5133,54,0,35879,6765,100,28149,0,1690,510
5134,54,0,35891,6788,88,28154,0,1680,520
5135,54,0,35904,6816,80,28159,0,1690,530
5136,54,0,35918,6843,68,28164,0,1690,530
5137,54,0,35932,6872,60,28169,0,1690,530
5138,54,0,35946,6900,48,28173,0,1690,530
5139,54,0,35959,6924,48,28178,0,1690,530
5140,54,0,35973,6951,40,28183,0,1700,540
5141,54,0,35987,6978,28,28188,0,1700,540
5142,54,0,36000,7004,20,28193,0,1700,540
5143,54,0,36012,7029,20,28198,0,1700,540
5144,54,0,36022,7051,8,28203,0,1700,550
5145,54,0,36037,7092,0,28208,0,1710,550
5146,54,0,36050,7128,0,28213,0,1710,550
5147,54,0,36061,7160,0,28218,0,1710,550
5148,54,0,36070,7188,0,28223,0,1710,550
5149,54,0,36070,7194,0,28228,0,1730,560
5150,54,0,36071,7203,0,28233,0,1730,560
5151,54,0,36072,7216,0,28238,0,1730,560
5152,54,0,36072,7229,0,28243,0,1730,560
5153,54,0,36073,7240,0,28248,0,1730,560
5154,55,1,36073,7248,0,28249,336,1730,560
5155,55,1,36073,7253,0,28250,5464,1730,560
5156,55,1,36073,7255,0,28251,11321,1730,560
5157,55,1,36073,7255,0,28253,14437,1730,560
5158,55,1,36073,7255,0,28258,17025,1720,570
5159,55,1,36073,7255,0,28263,18965,1720,570
5160,55,1,36073,7255,0,28268,20413,1720,570
5161,55,1,36073,7255,0,28273,21485,1720,570
5162,55,1,36073,7255,0,28278,22334,1720,570
5163,55,1,36073,7256,0,28283,23062,1720,570
5164,55,1,36073,7256,0,28288,23678,1720,570
5165,55,1,36073,7256,0,28293,24090,1720,570
5166,55,1,36073,7256,0,28298,24330,1720,570
5167,55,1,36073,7256,0,28303,24474,1720,580
5168,55,1,36073,7256,0,28308,24522,1720,580
5169,55,1,36073,7256,0,28313,24522,1720,580
5170,55,1,36073,7256,0,28318,24518,1720,580
5171,55,1,36073,7255,0,28323,24458,1720,580
5172,55,1,36073,7252,0,28328,24398,1720,580
5173,55,1,36073,7247,0,28333,24302,1720,580
5174,55,1,36073,7239,0,28338,24198,1720,580
5175,55,1,36073,7227,0,28343,24198,1720,580
5176,55,1,36073,7213,0,28348,24378,1720,580
5177,55,1,36073,7197,0,28353,24498,1740,580
5178,55,1,36073,7180,0,28358,24510,1740,580
5179,55,1,36073,7162,0,28363,24558,1740,580
5180,55,1,36069,7142,0,28368,24574,1740,580
5181,55,1,36061,7120,0,28373,24586,1740,580
5182,55,1,36052,7097,0,28378,24598,1730,590
5183,55,1,36040,7073,0,28383,24658,1730,590
5184,55,1,36027,7051,0,28388,24706,1730,590
5185,55,1,36013,7029,0,28393,24778,1730,590
5186,55,1,35997,7009,0,28398,24794,1730,590
5187,55,1,35981,6988,0,28403,24842,1730,590
5188,55,1,35964,6970,0,28408,24914,1730,590
5189,55,1,35947,6952,0,28413,24998,1730,590
5190,55,1,35929,6937,0,28418,25070,1730,590
5191,55,1,35912,6924,0,28423,25118,1730,590
5192,55,1,35895,6912,0,28427,25202,1720,590
5193,55,1,35877,6901,0,28432,25210,1720,590
5194,55,1,35859,6891,0,28437,25294,1710,600
5195,55,1,35841,6883,0,28442,25390,1710,600
5196,55,1,35821,6875,0,28447,25486,1710,600
5197,55,1,35800,6870,0,28452,25570,1700,600
5198,55,1,35777,6866,0,28457,25654,1700,600
5199,55,1,35754,6864,0,28462,25726,1700,600
5200,55,1,35731,6863,0,28467,25774,1700,600
5201,55,1,35709,6863,0,28472,25786,1680,590
5202,55,1,35690,6863,0,28477,25886,1680,590
5203,55,1,35674,6863,0,28482,25958,1680,590
5204,55,1,35661,6864,0,28487,26030,1680,590
5205,55,1,35650,6867,0,28492,26078,1680,590
5206,55,1,35641,6871,0,28497,26162,1680,590
5207,55,1,35635,6875,0,28502,26246,1680,590
5208,55,1,35630,6881,0,28507,26318,1660,590
5209,55,1,35626,6889,0,28512,26366,1660,590
5210,55,1,35623,6899,0,28517,26366,1660,590
5211,55,1,35621,6911,0,28522,26362,1660,590
5212,55,1,35621,6923,0,28527,26302,1660,590
5213,55,1,35621,6936,0,28532,26158,1660,590
5214,55,1,35621,6947,0,28537,25942,1660,590
5215,55,1,35621,6959,0,28542,25638,1670,580
5216,55,1,35621,6968,0,28547,25446,1670,580
5217,55,1,35621,6975,0,28552,25278,1670,580
5218,55,1,35624,6979,0,28557,25086,1670,580
5219,55,1,35625,6980,0,28562,24882,1670,580
5220,55,1,35627,6981,0,28567,24662,1670,580
5221,55,1,35628,6982,0,28572,24418,1670,580
5222,55,1,35629,6983,0,28577,24178,1670,580
5223,55,1,35630,6983,0,28582,24010,1670,580
5224,55,1,35631,6983,0,28587,23862,1670,580
5225,55,1,35631,6983,0,28592,23706,1670,580
5226,55,1,35631,6983,0,28596,23550,1670,580
5227,55,1,35631,6983,0,28601,23406,1670,580
5228,55,1,35631,6983,0,28606,23234,1670,580
5229,55,1,35631,6983,0,28611,23042,1670,580
5230,55,1,35631,6983,0,28616,22898,1670,580
5231,55,1,35631,6980,0,28621,22898,1670,580
5232,55,1,35631,6976,0,28626,22934,1670,580
5233,55,1,35631,6973,0,28631,22982,1670,580
5234,55,1,35631,6971,0,28636,23042,1670,580
5235,55,1,35631,6969,0,28641,23090,1670,580
5236,55,1,35631,6968,0,28646,23102,1670,580
5237,55,1,35631,6967,0,28651,23174,1680,580
5238,55,1,35631,6964,0,28656,23222,1680,580
5239,55,1,35633,6960,0,28661,23430,1680,580
5240,55,1,35635,6955,0,28666,23694,1680,580
5241,55,1,35638,6950,0,28671,23838,1680,580
5242,55,1,35639,6948,0,28676,23934,1680,580
5243,55,1,35641,6948,0,28681,24034,1680,580
5244,55,1,35642,6948,0,28686,24142,1680,580
5245,55,1,35643,6948,0,28691,24322,1680,580
5246,55,1,35645,6948,0,28696,24502,1680,580
5247,55,1,35647,6948,0,28701,24662,1680,580
5248,55,1,35648,6950,0,28706,24782,1680,580
5249,55,1,35650,6952,0,28711,24870,1680,580
5250,55,1,35652,6954,0,28716,24942,1680,580
5251,55,1,35655,6955,0,28721,25014,1680,580
5252,55,1,35660,6958,0,28726,25086,1680,580
5253,55,1,35666,6960,0,28731,25086,1680,580
5254,55,1,35674,6966,0,28736,24918,1680,580
5255,55,1,35682,6971,0,28741,24918,1680,580
5256,55,1,35688,6975,0,28746,25002,1680,580
5257,55,1,35692,6979,0,28751,25046,1680,580
5258,55,1,35694,6980,0,28756,25046,1680,580
5259,55,1,35696,6981,0,28761,25034,1680,580
5260,55,1,35697,6982,0,28766,24890,1680,580
5261,55,1,35697,6982,0,28770,24730,1680,580
5262,55,1,35697,6983,0,28775,24546,1680,580
5263,55,1,35697,6983,0,28780,24270,1680,580
5264,55,1,35697,6984,0,28785,23994,1680,580
5265,55,1,35697,6984,0,28790,23726,1680,580
5266,55,1,35697,6984,0,28795,23462,1680,580
5267,55,1,35693,6984,0,28800,23134,1680,580
5268,55,1,35689,6984,0,28805,22806,1680,580
5269,55,1,35685,6984,0,28810,22602,1680,580
5270,55,1,35680,6983,0,28815,22506,1680,580
5271,55,1,35674,6981,0,28820,22394,1680,580
5272,55,1,35665,6977,0,28825,22298,1680,580
5273,55,1,35651,6972,0,28830,22202,1680,580
5274,55,1,35632,6966,0,28835,22202,1680,580
5275,55,1,35610,6958,0,28840,22194,1680,580
5276,55,1,35586,6950,0,28845,22194,1680,580
5277,55,1,35561,6942,0,28850,22194,1680,580
5278,55,1,35535,6935,0,28855,22278,1680,580
5279,55,1,35510,6930,0,28860,22326,1680,580
5280,55,1,35484,6925,0,28865,22338,1670,580
5281,55,1,35458,6921,0,28870,22398,1670,580
5282,55,1,35432,6917,0,28875,22450,1670,580
5283,55,1,35407,6913,0,28880,22498,1670,580
5284,55,1,35384,6911,0,28885,22546,1650,580
5285,55,1,35363,6910,0,28890,22642,1650,580
5286,55,1,35345,6910,0,28895,22834,1650,580
5287,55,1,35328,6910,0,28900,23042,1650,580
5288,55,1,35313,6910,0,28905,23222,1650,580
5289,55,1,35298,6912,0,28910,23366,1640,580
5290,55,1,35285,6914,0,28915,23586,1640,580
5291,55,1,35274,6917,0,28920,23802,1640,580
5292,55,1,35263,6920,0,28925,23970,1640,580
5293,55,1,35254,6923,0,28930,24154,1640,580
5294,55,1,35247,6927,0,28935,24322,1620,580
5295,55,1,35240,6931,0,28939,24466,1620,580
5296,55,1,35235,6936,0,28944,24650,1620,580
5297,55,1,35231,6940,0,28949,24810,1620,580
5298,55,1,35227,6944,0,28954,24990,1620,580
5299,55,1,35225,6947,0,28959,25206,1620,580
5300,55,1,35224,6951,0,28964,25446,1620,580
5301,55,1,35223,6956,0,28969,25698,1620,580
5302,55,1,35223,6961,0,28974,25942,1620,580
5303,55,1,35223,6967,0,28979,26218,1620,580
5304,55,1,35223,6975,0,28984,26590,1620,580
5305,55,1,35223,6984,0,28989,27154,1620,580
5306,55,1,35223,6997,0,28994,27490,1620,580
5307,55,1,35224,7014,0,28999,27742,1620,580
5308,55,1,35229,7035,0,29004,27926,1620,580
5309,55,1,35234,7060,0,29009,28058,1620,580
5310,55,1,35242,7087,0,29014,28106,1620,580
5311,55,1,35250,7115,0,29019,28202,1630,570
5312,55,1,35260,7143,0,29024,28274,1630,570
5313,55,1,35270,7169,0,29029,28334,1630,570
5314,55,1,35279,7193,0,29034,28338,1630,570
5315,55,1,35288,7214,0,29039,28342,1630,570
5316,55,1,35295,7231,0,29044,28390,1630,570
5317,55,1,35302,7246,0,29049,28390,1630,570
5318,55,1,35307,7258,0,29054,28390,1630,570
5319,55,1,35312,7268,0,29059,28402,1630,570
5320,55,1,35317,7278,0,29064,28414,1630,570
5321,55,1,35321,7287,0,29069,28474,1630,560
5322,55,1,35325,7296,0,29074,28482,1630,560
5323,55,1,35329,7306,0,29079,28482,1630,560
5324,55,1,35333,7318,0,29084,28478,1630,560
5325,55,1,35337,7331,0,29089,28474,1630,560
5326,55,1,35341,7348,0,29094,28426,1630,560
5327,55,1,35347,7368,0,29099,28418,1630,560
5328,55,1,35354,7392,0,29104,28346,1630,560
5329,55,1,35362,7418,0,29109,28274,1630,560
5330,55,1,35370,7447,0,29113,28094,1630,560
5331,55,1,35378,7474,0,29118,27830,1640,550
5332,55,1,35385,7499,0,29123,27430,1640,550
5333,55,1,35390,7519,0,29128,27130,1640,550
5334,55,1,35392,7534,0,29133,26854,1640,550
5335,55,1,35393,7547,0,29138,26530,1640,540
5336,55,1,35393,7557,0,29143,26086,1640,540
5337,55,1,35393,7565,0,29148,25578,1640,540
5338,55,1,35393,7571,0,29153,24918,1640,540
5339,55,1,35391,7574,0,29158,24082,1640,540
5340,55,1,35387,7576,0,29163,22846,1640,540
5341,55,1,35381,7576,0,29168,21037,1640,540
5342,55,1,35375,7576,0,29173,18121,1630,540
5343,55,1,35367,7576,0,29178,13317,1630,540
5344,55,1,35360,7574,0,29183,5988,1630,540
5345,55,1,35359,7568,0,29188,1,1630,540
5346,56,0,35359,7568,0,29193,0,1630,540
5347,56,0,35359,7557,0,29198,0,1630,540
5348,56,0,35369,7552,0,29203,0,1630,540
5349,56,0,35377,7549,8,29208,0,1630,540
5350,56,0,35389,7545,16,29213,0,1620,530
5351,56,0,35401,7540,36,29218,0,1620,530
5352,56,0,35414,7536,44,29223,0,1620,530
5353,56,0,35428,7531,56,29228,0,1620,530
5354,56,0,35443,7526,64,29233,0,1630,520
5355,56,0,35460,7520,76,29238,0,1630,520
5356,56,0,35478,7513,84,29243,0,1630,520
5357,56,0,35499,7509,92,29248,0,1630,520
5358,56,0,35523,7497,104,29253,0,1640,510
5359,56,0,35547,7488,112,29258,0,1640,510
5360,56,0,35575,7479,120,29263,0,1640,510
5361,56,0,35602,7469,120,29268,0,1640,510
5362,56,0,35628,7460,120,29273,0,1640,510
5363,56,0,35653,7457,132,29278,0,1640,510
5364,56,0,35678,7449,132,29282,0,1640,510
5365,56,0,35701,7443,132,29287,0,1640,510
5366,56,0,35723,7439,120,29292,0,1640,510
5367,56,0,35744,7436,120,29297,0,1640,510
5368,56,0,35764,7435,112,29302,0,1650,510
5369,56,0,35784,7435,104,29307,0,1650,510
5370,56,0,35801,7435,92,29312,0,1650,510
5371,56,0,35816,7436,84,29317,0,1650,510
5372,56,0,35828,7444,76,29322,0,1650,510
5373,56,0,35835,7453,56,29327,0,1650,510
5374,56,0,35838,7464,44,29332,0,1660,520
5375,56,0,35838,7489,28,29337,0,1660,520
5376,56,0,35832,7513,16,29342,0,1660,520
5377,56,0,35824,7536,0,29347,0,1660,520
5378,56,0,35817,7558,0,29352,0,1670,520
5379,56,0,35816,7566,0,29357,0,1660,530
5380,56,0,35816,7575,0,29362,0,1660,530
5381,57,1,35816,7583,0,29363,2940,1660,530
5382,57,1,35816,7590,0,29364,11441,1660,530
5383,57,1,35816,7594,0,29364,16449,1660,540
5384,57,1,35816,7595,0,29369,18865,1660,540
5385,57,1,35816,7596,0,29374,20617,1660,540
5386,57,1,35816,7597,0,29379,21833,1660,540
5387,57,1,35816,7598,0,29384,22634,1660,540
5388,57,1,35816,7599,0,29389,23070,1660,540
5389,57,1,35816,7599,0,29394,23250,1660,540
5390,57,1,35816,7599,0,29399,23250,1670,540
5391,57,1,35816,7599,0,29404,23250,1670,540
5392,57,1,35816,7600,0,29409,23154,1670,540
5393,57,1,35816,7600,0,29414,23022,1670,540
5394,57,1,35819,7602,0,29419,22838,1670,540
5395,57,1,35826,7603,0,29424,22526,1690,540
5396,57,1,35837,7603,0,29429,21833,1690,540
5397,57,1,35852,7603,0,29434,20629,1690,540
5398,57,1,35867,7603,0,29439,18457,1690,540
5399,57,1,35882,7603,0,29444,13737,1700,550
5400,57,1,35892,7602,0,29449,7296,1700,550
5401,57,1,35899,7590,0,29454,364,1700,550
5402,58,0,35899,7590,0,29459,0,1700,550
5403,58,0,35902,7565,0,29464,0,1700,540
5404,58,0,35902,7551,0,29469,0,1700,540
5405,58,0,35900,7541,8,29473,0,1700,540
5406,58,0,35891,7527,8,29478,0,1700,540
5407,58,0,35879,7513,16,29483,0,1700,540
5408,58,0,35865,7497,28,29488,0,1700,540
5409,58,0,35849,7480,28,29493,0,1700,540
5410,58,0,35832,7461,36,29498,0,1700,540
5411,58,0,35810,7438,36,29503,0,1690,530
5412,58,0,35784,7410,48,29508,0,1690,530
5413,58,0,35753,7377,56,29513,0,1690,530
5414,58,0,35721,7343,56,29518,0,1690,530
5415,58,0,35685,7308,68,29523,0,1680,520
5416,58,0,35648,7272,76,29528,0,1680,520
5417,58,0,35608,7235,76,29533,0,1680,520
5418,58,0,35562,7192,76,29538,0,1680,520
5419,58,0,35514,7149,88,29543,0,1670,520
5420,58,0,35464,7106,88,29548,0,1670,520
5421,58,0,35412,7064,88,29553,0,1670,520
5422,58,0,35357,7022,96,29558,0,1670,520
5423,58,0,35300,6981,96,29563,0,1660,520
5424,58,0,35241,6941,96,29568,0,1660,520
5425,58,0,35182,6903,96,29573,0,1660,520
5426,58,0,35124,6867,96,29578,0,1660,520
5427,58,0,35069,6836,96,29583,0,1640,530
5428,58,0,35019,6808,88,29588,0,1640,530
5429,58,0,34975,6787,88,29593,0,1640,530
5430,58,0,34936,6770,88,29598,0,1640,530
5431,58,0,34905,6759,76,29603,0,1640,530
5432,58,0,34880,6754,76,29608,0,1640,530
5433,58,0,34876,6762,68,29613,0,1640,530
5434,58,0,34876,6786,68,29618,0,1640,530
5435,58,0,34882,6815,56,29623,0,1640,530
5436,58,0,34898,6847,48,29628,0,1640,530
5437,58,0,34904,6871,48,29633,0,1640,530
5438,58,0,34911,6896,0,29638,0,1640,530
5439,58,0,34918,6924,0,29642,0,1640,530
5440,58,0,34925,6955,0,29647,0,1640,530
5441,58,0,34931,6984,0,29652,0,1640,530
5442,58,0,34936,7012,0,29657,0,1640,530
5443,58,0,34941,7039,0,29662,0,1640,530
5444,58,0,34945,7065,0,29667,0,1640,530
5445,58,0,34951,7090,0,29672,0,1630,540
5446,58,0,34957,7114,0,29677,0,1630,540
5447,58,0,34965,7136,0,29682,0,1640,540
5448,58,0,34972,7156,0,29687,0,1640,540
5449,58,0,34979,7175,0,29692,0,1640,540
5450,58,0,34985,7192,0,29697,0,1640,540
5451,59,1,34990,7204,0,29701,864,1640,540
5452,59,1,34994,7214,0,29706,6084,1640,540
5453,59,1,34998,7221,0,29711,9320,1640,540
5454,59,1,35000,7225,0,29716,12093,1640,540
5455,59,1,35001,7226,0,29721,14273,1640,540
5456,59,1,35002,7227,0,29726,16001,1640,540
5457,59,1,35002,7227,0,29731,17297,1640,540
5458,59,1,35002,7227,0,29736,18253,1640,540
5459,59,1,35002,7227,0,29741,18881,1640,540
5460,59,1,35002,7227,0,29746,19297,1640,540
5461,59,1,35002,7227,0,29751,19533,1640,540
5462,59,1,35002,7223,0,29756,19629,1640,540
5463,59,1,35002,7217,0,29761,19629,1640,550
5464,59,1,35002,7207,0,29766,19497,1640,550
5465,59,1,35002,7192,0,29771,19497,1650,550
5466,59,1,35002,7173,0,29776,19677,1650,550
5467,59,1,35002,7152,0,29781,19801,1650,550
5468,59,1,35002,7126,0,29786,19925,1650,550
5469,59,1,35001,7098,0,29791,20121,1650,550
5470,59,1,34993,7067,0,29796,20597,1650,550
5471,59,1,34982,7034,0,29801,21109,1650,560
5472,59,1,34968,7001,0,29806,21437,1650,560
5473,59,1,34950,6967,0,29811,21910,1650,560
5474,59,1,34929,6935,0,29816,22346,1650,560
5475,59,1,34906,6905,0,29821,22566,1650,560
5476,59,1,34881,6877,0,29826,22746,1630,570
5477,59,1,34857,6853,0,29831,22842,1630,570
5478,59,1,34832,6833,0,29836,22990,1630,570
5479,59,1,34806,6815,0,29841,23158,1630,570
5480,59,1,34782,6801,0,29846,23314,1610,570
5481,59,1,34758,6789,0,29850,23486,1610,570
5482,59,1,34736,6779,0,29855,23642,1610,570
5483,59,1,34716,6772,0,29860,23774,1610,570
5484,59,1,34700,6767,0,29865,23894,1600,560
5485,59,1,34685,6765,0,29870,24054,1590,570
5486,59,1,34671,6765,0,29875,24222,1590,570
5487,59,1,34658,6765,0,29880,24438,1590,570
5488,59,1,34645,6769,0,29885,24574,1590,570
5489,59,1,34633,6780,0,29890,24730,1590,570
5490,59,1,34623,6793,0,29895,24830,1590,570
5491,59,1,34615,6810,0,29900,24914,1570,570
5492,59,1,34609,6830,0,29905,24914,1570,570
5493,59,1,34605,6854,0,29910,24910,1570,570
5494,59,1,34604,6882,0,29915,24606,1580,560
5495,59,1,34604,6911,0,29920,24338,1580,560
5496,59,1,34604,6940,0,29925,24074,1580,560
5497,59,1,34607,6967,0,29930,23806,1580,560
5498,59,1,34614,6989,0,29935,23542,1580,560
5499,59,1,34620,7006,0,29940,23346,1580,560
5500,59,1,34626,7018,0,29945,23226,1580,560
5501,59,1,34631,7025,0,29950,23214,1580,560
5502,59,1,34634,7028,0,29955,23166,1590,550
5503,59,1,34635,7030,0,29960,23118,1590,550
5504,59,1,34636,7030,0,29965,23070,1590,550
5505,59,1,34636,7030,0,29970,22986,1590,550
5506,59,1,34636,7030,0,29975,22890,1590,550
5507,59,1,34636,7030,0,29980,22778,1590,550
5508,59,1,34636,7030,0,29985,22658,1590,550
5509,59,1,34636,7030,0,29990,22562,1590,550
5510,59,1,34636,7030,0,29995,22414,1590,550
5511,59,1,34636,7030,0,30000,22258,1590,550
5512,59,1,34634,7030,0,30005,22054,1590,550
5513,59,1,34631,7026,0,30010,21882,1590,550
5514,59,1,34626,7015,0,30015,21809,1590,550
5515,59,1,34619,6998,0,30019,21809,1590,550
5516,59,1,34609,6977,0,30024,22010,1590,550
5517,59,1,34595,6950,0,30029,22398,1590,550
5518,59,1,34577,6922,0,30034,22762,1590,550
5519,59,1,34556,6892,0,30039,23030,1590,550
5520,59,1,34532,6859,0,30044,23246,1590,550
5521,59,1,34506,6827,0,30049,23478,1590,550
5522,59,1,34478,6793,0,30054,23610,1580,560
5523,59,1,34450,6760,0,30059,23706,1580,560
5524,59,1,34423,6729,0,30064,23766,1580,560
5525,59,1,34397,6700,0,30069,23766,1580,560
5526,59,1,34371,6676,0,30074,23766,1580,560
5527,59,1,34347,6654,0,30079,23766,1580,560
5528,59,1,34324,6636,0,30084,23718,1570,560
5529,59,1,34305,6621,0,30089,23342,1560,570
5530,59,1,34289,6610,0,30094,22582,1560,570
5531,59,1,34274,6602,0,30099,21621,1560,570
5532,59,1,34262,6598,0,30104,20061,1560,570
5533,59,1,34253,6598,0,30109,17465,1560,570
5534,59,1,34246,6598,0,30114,12833,1540,560
5535,59,1,34245,6609,0,30119,5052,1540,560
5536,59,1,34245,6624,0,30124,1,1540,560
5537,60,0,34245,6624,0,30129,0,1550,550
5538,60,0,34277,6692,0,30134,0,1550,550
5539,60,0,34296,6726,0,30139,0,1550,550
5540,60,0,34314,6761,0,30144,0,1550,550
5541,60,0,34322,6784,16,30149,0,1550,550
5542,60,0,34333,6818,36,30154,0,1560,550
5543,60,0,34343,6855,56,30159,0,1560,550
5544,60,0,34355,6894,88,30164,0,1570,540
5545,60,0,34368,6931,104,30169,0,1570,540
5546,60,0,34382,6965,124,30174,0,1580,530
5547,60,0,34396,6994,136,30179,0,1560,530
5548,60,0,34411,7019,144,30184,0,1570,520
5549,60,0,34427,7046,144,30189,0,1570,520
5550,60,0,34446,7078,144,30193,0,1580,510
5551,60,0,34467,7113,144,30198,0,1580,510
5552,60,0,34490,7150,136,30203,0,1580,510
5553,60,0,34511,7182,136,30208,0,1580,510
5554,60,0,34530,7208,124,30213,0,1580,510
5555,60,0,34548,7229,116,30218,0,1590,500
5556,60,0,34564,7246,104,30223,0,1590,500
5557,60,0,34577,7262,88,30228,0,1590,500
5558,60,0,34588,7278,76,30233,0,1590,500
5559,60,0,34598,7314,56,30238,0,1580,510
5560,60,0,34605,7350,48,30243,0,1580,510
5561,60,0,34610,7382,36,30248,0,1580,510
5562,60,0,34614,7413,28,30253,0,1590,510
5563,60,0,34614,7421,0,30258,0,1580,520
5564,60,0,34614,7430,0,30263,0,1580,520
5565,60,0,34614,7439,0,30268,0,1580,520
5566,60,0,34614,7448,0,30273,0,1580,520
5567,60,0,34614,7455,0,30278,0,1580,520
5568,60,0,34614,7460,0,30283,0,1580,530
5569,61,1,34614,7464,0,30284,1676,1580,530
5570,61,1,34614,7465,0,30284,10372,1580,530
5571,61,1,34614,7467,0,30289,15085,1590,530
5572,61,1,34614,7468,0,30294,17509,1590,530
5573,61,1,34614,7469,0,30299,19409,1590,530
5574,61,1,34614,7471,0,30304,20865,1590,530
5575,61,1,34614,7471,0,30309,22006,1590,530
5576,61,1,34614,7471,0,30314,22882,1590,530
5577,61,1,34616,7471,0,30319,23618,1590,530
5578,61,1,34617,7471,0,30324,24150,1600,530
5579,61,1,34619,7471,0,30329,24450,1600,530
5580,61,1,34622,7472,0,30334,24634,1600,530
5581,61,1,34630,7472,0,30339,24706,1600,530
5582,61,1,34644,7473,0,30344,24706,1620,540
5583,61,1,34666,7473,0,30349,24706,1620,540
5584,61,1,34693,7474,0,30354,24878,1620,540
5585,61,1,34721,7474,0,30359,24878,1620,540
5586,61,1,34745,7475,0,30364,24778,1630,540
5587,61,1,34763,7476,0,30369,24438,1630,540
5588,61,1,34776,7476,0,30374,23882,1630,540
5589,61,1,34787,7476,0,30379,23182,1630,540
5590,61,1,34798,7476,0,30384,22334,1640,540
5591,61,1,34809,7476,0,30389,21413,1640,540
5592,61,1,34818,7476,0,30394,20389,1640,540
5593,61,1,34827,7476,0,30398,19361,1640,540
5594,61,1,34833,7476,0,30403,18365,1640,540
5595,61,1,34838,7476,0,30408,17573,1640,540
5596,61,1,34840,7476,0,30413,17165,1640,540
5597,61,1,34841,7476,0,30418,17165,1640,540
5598,61,1,34841,7476,0,30423,17389,1640,540
5599,61,1,34841,7476,0,30428,17701,1640,540
5600,61,1,34841,7476,0,30433,17961,1640,540
5601,61,1,34841,7476,0,30438,17961,1640,540
5602,61,1,34836,7476,0,30443,17813,1640,540
5603,61,1,34830,7476,0,30448,17377,1640,540
5604,61,1,34822,7479,0,30453,16569,1640,540
5605,61,1,34814,7486,0,30458,14861,1640,540
5606,61,1,34804,7495,0,30463,12829,1640,540
5607,61,1,34794,7506,0,30468,10400,1640,540
5608,61,1,34785,7518,0,30473,7976,1640,540
5609,61,1,34776,7529,0,30478,5112,1630,540
5610,61,1,34768,7541,0,30483,2752,1630,540
5611,61,1,34761,7550,0,30488,312,1630,540
5612,62,0,34761,7550,0,30493,0,1630,540
5613,62,0,34749,7561,0,30498,0,1630,540
5614,62,0,34740,7561,0,30503,0,1630,540
5615,62,0,34733,7561,0,30508,0,1630,540
5616,62,0,34726,7555,0,30513,0,1630,540
5617,62,0,34720,7546,0,30518,0,1620,540
5618,62,0,34718,7538,0,30523,0,1620,530
5619,62,0,34715,7528,20,30528,0,1620,530
5620,62,0,34713,7518,28,30533,0,1620,530
5621,62,0,34711,7508,48,30538,0,1610,520
5622,62,0,34711,7499,68,30543,0,1610,520
5623,62,0,34711,7489,88,30548,0,1620,520
5624,62,0,34711,7485,120,30553,0,1620,520
5625,62,0,34711,7478,148,30558,0,1600,510
5626,62,0,34711,7470,168,30563,0,1600,510
5627,62,0,34711,7468,188,30567,0,1610,500
5628,62,0,34713,7463,212,30572,0,1610,500
5629,62,0,34735,7455,232,30577,0,1600,500
5630,62,0,34769,7445,240,30582,0,1600,500
5631,62,0,34818,7444,260,30587,0,1610,490
5632,62,0,34854,7439,280,30592,0,1610,490
5633,62,0,34868,7439,292,30597,0,1610,490
5634,62,0,34884,7439,300,30602,0,1610,490
5635,62,0,34901,7448,312,30607,0,1610,480
5636,62,0,34918,7470,312,30612,0,1610,480
5637,62,0,34923,7505,320,30617,0,1610,480
5638,62,0,34926,7534,320,30622,0,1610,480
5639,62,0,34929,7562,320,30627,0,1620,490
5640,62,0,34937,7594,320,30632,0,1620,490
5641,62,0,34944,7622,320,30637,0,1620,490
5642,62,0,34950,7656,320,30642,0,1620,490
5643,62,0,34961,7699,320,30647,0,1630,490
5644,62,0,34978,7750,320,30652,0,1630,490
5645,62,0,35007,7813,320,30657,0,1640,480
5646,62,0,35031,7883,332,30662,0,1650,480
5647,62,0,35056,7960,332,30667,0,1650,480
5648,62,0,35077,8038,341,30672,0,1660,480
5649,62,0,35079,8119,353,30677,0,1670,470
5650,62,0,35079,8198,361,30682,0,1680,470
5651,62,0,35079,8273,373,30687,0,1680,470
5652,62,0,35049,8347,381,30692,0,1690,460
5653,62,0,35008,8418,381,30697,0,1690,460
5654,62,0,34959,8492,393,30702,0,1690,460
5655,62,0,34904,8571,401,30707,0,1690,460
5656,62,0,34847,8649,425,30712,0,1710,460
5657,62,0,34788,8725,433,30717,0,1710,460
5658,62,0,34732,8789,433,30722,0,1710,450
5659,62,0,34685,8830,445,30727,0,1710,450
5660,62,0,34647,8825,445,30732,0,1720,450
5661,62,0,34621,8865,445,30737,0,1720,450
5662,62,0,34621,8871,445,30741,0,1720,440
5663,62,0,34620,8876,445,30746,0,1720,440
5664,62,0,34612,8880,445,30751,0,1730,440
5665,62,0,34583,8882,433,30756,0,1730,440
5666,62,0,34561,8890,433,30761,0,1730,440
5667,62,0,34535,8894,433,30766,0,1730,450
5668,62,0,34501,8900,425,30771,0,1730,450
5669,62,0,34473,8902,425,30776,0,1740,450
5670,62,0,34442,8903,413,30781,0,1740,450
5671,62,0,34410,8904,401,30786,0,1740,450
5672,62,0,34371,8906,393,30791,0,1740,450
5673,62,0,34338,8911,393,30796,0,1740,450
5674,62,0,34330,8915,381,30801,0,1740,450
5675,62,0,34323,8921,373,30806,0,1740,450
5676,62,0,34318,8933,361,30811,0,1740,450
5677,62,0,34314,8936,353,30816,0,1740,450
5678,62,0,34303,8944,341,30821,0,1740,450
5679,62,0,34294,8958,332,30826,0,1740,450
5680,62,0,34292,8976,320,30831,0,1740,450
5681,62,0,34288,9009,320,30836,0,1740,440
5682,62,0,34285,9053,320,30841,0,1740,440
5683,62,0,34285,9063,320,30846,0,1740,440
5684,62,0,34285,9069,332,30851,0,1740,440
5685,62,0,34285,9074,332,30856,0,1740,440
5686,62,0,34306,9077,341,30861,0,1740,440
5687,62,0,34325,9089,341,30866,0,1740,440
5688,62,0,34343,9089,341,30871,0,1740,430
5689,62,0,34346,9077,353,30876,0,1740,430
5690,62,0,34348,9047,353,30881,0,1740,430
5691,62,0,34348,8999,353,30886,0,1740,430
5692,62,0,34348,8925,353,30891,0,1740,430
5693,62,0,34348,8885,361,30896,0,1740,430
5694,62,0,34333,8862,361,30901,0,1740,430
5695,62,0,34308,8786,373,30906,0,1740,430
5696,62,0,34279,8754,381,30910,0,1730,430
5697,62,0,34261,8708,381,30915,0,1730,430
5698,62,0,34239,8662,393,30920,0,1730,430
5699,62,0,34214,8616,401,30925,0,1730,430
5700,62,0,34187,8568,413,30930,0,1730,430
5701,62,0,34163,8526,425,30935,0,1710,440
5702,62,0,34144,8491,433,30940,0,1710,440
5703,62,0,34144,8457,433,30945,0,1710,430
5704,62,0,34145,8430,433,30950,0,1700,430
5705,62,0,34145,8387,445,30955,0,1700,430
5706,62,0,34167,8352,445,30960,0,1690,420
5707,62,0,34215,8352,445,30965,0,1690,420
5708,62,0,34250,8307,433,30970,0,1680,420
5709,62,0,34293,8265,433,30975,0,1680,420
5710,62,0,34348,8225,433,30980,0,1670,420
5711,62,0,34413,8174,425,30985,0,1660,430
5712,62,0,34485,8111,413,30990,0,1660,430
5713,62,0,34565,8025,401,30995,0,1660,430
5714,62,0,34626,7958,401,31000,0,1660,430
5715,62,0,34641,7934,401,31005,0,1660,440
5716,62,0,34652,7852,401,31010,0,1650,440
5717,62,0,34661,7833,401,31015,0,1650,440
5718,62,0,34668,7809,401,31020,0,1650,440
5719,62,0,34693,7791,401,31025,0,1650,440
5720,62,0,34710,7774,393,31030,0,1640,450
5721,62,0,34715,7759,393,31035,0,1640,450
5722,62,0,34721,7744,393,31040,0,1640,450
5723,62,0,34726,7729,381,31045,0,1640,450
5724,62,0,34730,7715,381,31050,0,1650,440
5725,62,0,34734,7701,373,31055,0,1650,440
5726,62,0,34738,7688,361,31060,0,1660,440
5727,62,0,34740,7682,361,31065,0,1660,440
5728,62,0,34742,7677,353,31070,0,1660,440
5729,62,0,34743,7673,353,31075,0,1660,440
5730,62,0,34743,7669,341,31080,0,1670,440
5731,62,0,34743,7658,341,31084,0,1670,440
5732,62,0,34738,7638,332,31089,0,1670,440
5733,62,0,34725,7623,332,31094,0,1680,440
5734,62,0,34725,7613,332,31099,0,1680,440
5735,62,0,34717,7606,332,31104,0,1680,440
5736,62,0,34717,7608,332,31109,0,1690,440
5737,62,0,34717,7638,332,31114,0,1690,440
5738,62,0,34739,7656,332,31119,0,1700,450
5739,62,0,34767,7676,341,31124,0,1700,450
5740,62,0,34793,7683,341,31129,0,1710,450
5741,62,0,34823,7690,341,31134,0,1710,450
5742,62,0,34854,7696,353,31139,0,1720,450
5743,62,0,34886,7717,353,31144,0,1720,450
5744,62,0,34919,7736,353,31149,0,1730,450
5745,62,0,34950,7756,361,31154,0,1730,450
5746,62,0,34980,7761,361,31159,0,1740,450
5747,62,0,35007,7767,361,31164,0,1740,450
5748,62,0,35030,7771,373,31169,0,1740,450
5749,62,0,35049,7775,373,31174,0,1740,450
5750,62,0,35064,7785,373,31179,0,1740,450
5751,62,0,35069,7793,373,31184,0,1740,450
5752,62,0,35073,7799,373,31189,0,1730,450
5753,62,0,35079,7806,373,31194,0,1730,450
5754,62,0,35098,7812,373,31199,0,1730,450
5755,62,0,35116,7817,373,31204,0,1730,450
5756,62,0,35139,7822,373,31209,0,1720,450
5757,62,0,35143,7826,373,31214,0,1720,450
5758,62,0,35145,7829,373,31219,0,1720,450
5759,62,0,35146,7830,361,31224,0,1720,450
5760,62,0,35146,7830,361,31229,0,1710,450
5761,62,0,35146,7830,361,31234,0,1710,450
5762,62,0,35137,7820,361,31239,0,1710,450
5763,62,0,35110,7800,353,31244,0,1710,440
5764,62,0,35072,7774,353,31249,0,1710,440
5765,62,0,35045,7755,353,31253,0,1710,440
5766,62,0,35019,7735,353,31258,0,1710,440
5767,62,0,34995,7714,341,31263,0,1710,440
5768,62,0,34973,7694,341,31268,0,1710,440
5769,62,0,34953,7672,341,31273,0,1710,440
5770,62,0,34936,7651,341,31278,0,1720,430
5771,62,0,34921,7630,332,31283,0,1720,430
5772,62,0,34915,7608,332,31288,0,1720,430
5773,62,0,34910,7587,332,31293,0,1720,430
5774,62,0,34905,7565,332,31298,0,1720,430
5775,62,0,34895,7545,332,31303,0,1720,430
5776,62,0,34886,7525,332,31308,0,1720,420
5777,62,0,34878,7507,332,31313,0,1720,420
5778,62,0,34872,7488,332,31318,0,1720,420
5779,62,0,34865,7470,332,31323,0,1720,420
5780,62,0,34858,7453,332,31328,0,1720,410
5781,62,0,34851,7434,332,31333,0,1720,420
5782,62,0,34838,7413,332,31338,0,1720,420
5783,62,0,34820,7389,332,31343,0,1720,420
5784,62,0,34794,7364,332,31348,0,1710,420
5785,62,0,34773,7336,341,31353,0,1710,420
5786,62,0,34749,7308,341,31358,0,1710,420
5787,62,0,34724,7279,341,31363,0,1710,420
5788,62,0,34699,7248,341,31368,0,1710,420
5789,62,0,34675,7217,353,31373,0,1710,420
5790,62,0,34652,7186,353,31378,0,1710,420
5791,62,0,34632,7155,341,31383,0,1710,420
5792,62,0,34615,7125,341,31388,0,1710,430
5793,62,0,34599,7094,341,31393,0,1710,430
5794,62,0,34583,7059,332,31398,0,1710,430
5795,62,0,34568,7024,320,31403,0,1710,430
5796,62,0,34562,6990,312,31408,0,1710,430
5797,62,0,34557,6957,312,31413,0,1710,430
5798,62,0,34553,6932,300,31418,0,1710,430
5799,62,0,34543,6906,300,31423,0,1700,440
5800,62,0,34535,6883,280,31427,0,1710,440
5801,62,0,34530,6861,272,31432,0,1710,440
5802,62,0,34521,6842,252,31437,0,1710,440
5803,62,0,34512,6837,232,31442,0,1710,450
5804,62,0,34494,6832,220,31447,0,1710,450
5805,62,0,34474,6815,212,31452,0,1710,450
5806,62,0,34451,6812,188,31457,0,1710,450
5807,62,0,34425,6807,180,31462,0,1710,460
5808,62,0,34401,6804,180,31467,0,1710,460
5809,62,0,34373,6801,168,31472,0,1710,460
5810,62,0,34346,6801,160,31477,0,1710,460
5811,62,0,34322,6801,160,31482,0,1710,460
5812,62,0,34300,6804,148,31487,0,1700,470
5813,62,0,34285,6810,148,31492,0,1700,470
5814,62,0,34272,6815,140,31497,0,1700,470
5815,62,0,34261,6821,140,31502,0,1700,470
5816,62,0,34257,6828,128,31507,0,1710,460
5817,62,0,34249,6835,128,31512,0,1710,460
5818,62,0,34242,6847,120,31517,0,1710,460
5819,62,0,34236,6851,120,31522,0,1700,470
5820,62,0,34232,6860,108,31527,0,1700,470
5821,62,0,34228,6872,108,31532,0,1700,470
5822,62,0,34225,6880,100,31537,0,1700,470
5823,62,0,34223,6890,100,31542,0,1700,470
5824,62,0,34221,6902,88,31547,0,1700,470
5825,62,0,34220,6916,80,31552,0,1700,470
5826,62,0,34220,6930,80,31557,0,1700,470
5827,62,0,34220,6946,68,31562,0,1700,470
5828,62,0,34220,6961,68,31567,0,1700,470
5829,62,0,34220,6977,68,31572,0,1700,470
5830,62,0,34223,7008,60,31577,0,1700,480
5831,62,0,34229,7037,60,31582,0,1700,480
5832,62,0,34234,7064,48,31587,0,1700,480
5833,62,0,34238,7088,0,31592,0,1700,480
5834,62,0,34238,7096,0,31596,0,1710,480
5835,62,0,34239,7103,0,31601,0,1710,480
5836,62,0,34241,7112,0,31606,0,1710,490
5837,62,0,34244,7121,0,31611,0,1710,490
5838,62,0,34248,7128,0,31616,0,1710,490
5839,62,0,34253,7135,0,31621,0,1710,490
5840,62,0,34257,7140,0,31626,0,1710,490
5841,62,0,34261,7143,0,31631,0,1710,490
5842,62,0,34265,7146,0,31636,0,1710,490
5843,62,0,34268,7147,0,31641,0,1710,490
5844,62,0,34270,7147,0,31646,0,1700,500
5845,62,0,34273,7147,0,31651,0,1700,500
5846,62,0,34277,7147,0,31656,0,1700,500
5847,62,0,34280,7148,0,31661,0,1700,500
5848,62,0,34283,7148,0,31666,0,1700,510
5849,62,0,34285,7148,0,31671,0,1700,510
5850,62,0,34287,7148,0,31676,0,1710,510
5851,62,0,34288,7148,0,31681,0,1710,510
5852,62,0,34288,7148,0,31686,0,1710,510
5853,63,1,34288,7148,0,31687,2392,1710,510
5854,63,1,34288,7148,0,31688,6524,1710,510
5855,63,1,34288,7148,0,31689,7752,1710,510
5856,63,1,34288,7148,0,31690,10304,1710,510
5857,63,1,34288,7148,0,31690,11925,1710,510
5858,63,1,34287,7148,0,31695,13065,1710,510
5859,63,1,34286,7148,0,31700,13869,1710,510
5860,63,1,34285,7148,0,31705,14337,1710,510
5861,63,1,34283,7148,0,31710,14529,1710,510
5862,63,1,34281,7148,0,31715,14529,1710,520
5863,63,1,34279,7148,0,31720,14389,1710,520
5864,63,1,34277,7147,0,31725,14121,1710,520
5865,63,1,34274,7145,0,31730,13829,1710,520
5866,63,1,34270,7138,0,31735,13525,1710,520
5867,63,1,34264,7127,0,31740,13525,1710,520
5868,63,1,34255,7111,0,31745,13677,1710,520
5869,63,1,34244,7092,0,31750,14133,1710,520
5870,63,1,34230,7072,0,31755,14577,1710,520
5871,63,1,34215,7052,0,31760,15021,1710,520
5872,63,1,34198,7034,0,31765,15561,1710,520
5873,63,1,34181,7017,0,31770,15849,1710,520
5874,63,1,34163,7000,0,31774,16001,1710,520
5875,63,1,34145,6984,0,31779,16153,1710,520
5876,63,1,34128,6969,0,31784,16213,1710,520
5877,63,1,34114,6956,0,31789,16313,1710,520
5878,63,1,34103,6946,0,31794,16413,1700,520
5879,63,1,34095,6940,0,31799,16465,1700,520
5880,63,1,34090,6936,0,31804,16525,1700,520
5881,63,1,34087,6933,0,31809,16625,1700,520
5882,63,1,34086,6933,0,31814,16801,1700,520
5883,63,1,34086,6933,0,31819,17101,1700,520
5884,63,1,34086,6933,0,31824,17521,1690,530
5885,63,1,34086,6933,0,31829,18093,1690,530
5886,63,1,34086,6933,0,31834,18745,1690,530
5887,63,1,34086,6933,0,31839,19421,1690,530
5888,63,1,34086,6939,0,31844,20021,1690,530
5889,63,1,34088,6949,0,31849,20425,1690,530
5890,63,1,34091,6962,0,31854,20465,1690,530
5891,63,1,34095,6977,0,31859,20465,1690,530
5892,63,1,34099,6991,0,31864,20369,1690,530
5893,63,1,34104,7004,0,31869,20245,1690,530
5894,63,1,34109,7015,0,31874,19965,1690,530
5895,63,1,34115,7024,0,31879,19585,1690,530
5896,63,1,34122,7032,0,31884,19277,1700,520
5897,63,1,34128,7039,0,31889,18973,1700,520
5898,63,1,34135,7044,0,31894,18589,1700,520
5899,63,1,34142,7047,0,31899,18305,1700,520
5900,63,1,34149,7050,0,31904,18057,1700,520
5901,63,1,34155,7052,0,31909,17773,1700,520
5902,63,1,34160,7053,0,31914,17537,1700,520
5903,63,1,34164,7055,0,31919,17365,1700,520
5904,63,1,34167,7055,0,31924,17301,1700,520
5905,63,1,34169,7055,0,31929,17241,1700,520
5906,63,1,34170,7055,0,31934,17129,1700,520
5907,63,1,34170,7055,0,31939,17053,1700,520
5908,63,1,34171,7055,0,31944,17045,1700,520
5909,63,1,34171,7055,0,31948,17037,1700,520
5910,63,1,34171,7055,0,31953,17029,1700,520
5911,63,1,34171,7055,0,31958,17025,1700,520
5912,63,1,34171,7055,0,31963,17013,1700,520
5913,63,1,34171,7055,0,31968,17013,1700,520
5914,63,1,34171,7055,0,31973,17097,1700,520
5915,63,1,34171,7055,0,31978,17233,1700,520
5916,63,1,34171,7055,0,31983,17357,1700,520
5917,63,1,34171,7055,0,31988,17405,1700,520
5918,63,1,34171,7055,0,31993,17417,1700,520
5919,63,1,34171,7055,0,31998,17417,1700,520
5920,63,1,34171,7051,0,32003,17333,1700,520
5921,63,1,34171,7045,0,32008,17333,1700,520
5922,63,1,34171,7038,0,32013,17333,1700,520
5923,63,1,34171,7030,0,32018,17445,1700,520
5924,63,1,34171,7021,0,32023,17493,1700,520
5925,63,1,34171,7009,0,32028,17557,1700,520
5926,63,1,34171,6995,0,32033,17717,1700,520
5927,63,1,34171,6980,0,32038,18137,1700,520
5928,63,1,34170,6963,0,32043,18385,1700,520
5929,63,1,34167,6947,0,32048,18469,1700,520
5930,63,1,34163,6932,0,32053,18481,1700,520
5931,63,1,34158,6917,0,32058,18485,1700,520
5932,63,1,34152,6902,0,32063,18597,1700,520
5933,63,1,34145,6885,0,32068,18697,1690,530
5934,63,1,34137,6868,0,32073,18709,1690,530
5935,63,1,34128,6851,0,32078,18769,1690,530
5936,63,1,34119,6836,0,32083,18821,1690,530
5937,63,1,34110,6823,0,32088,18833,1690,530
5938,63,1,34101,6810,0,32093,18905,1690,530
5939,63,1,34092,6799,0,32098,18981,1690,530
5940,63,1,34083,6788,0,32103,18993,1690,530
5941,63,1,34074,6777,0,32108,19065,1690,530
5942,63,1,34064,6766,0,32113,19153,1690,530
5943,63,1,34052,6754,0,32117,19249,1690,530
5944,63,1,34037,6741,0,32122,19545,1690,530
5945,63,1,34022,6728,0,32127,19901,1690,530
5946,63,1,34006,6717,0,32132,20145,1690,530
5947,63,1,33992,6708,0,32137,20217,1690,530
5948,63,1,33978,6701,0,32142,20301,1680,520
5949,63,1,33965,6695,0,32147,20437,1680,520
5950,63,1,33953,6690,0,32152,20557,1680,520
5951,63,1,33941,6686,0,32157,20645,1680,520
5952,63,1,33931,6683,0,32162,20789,1680,520
5953,63,1,33923,6683,0,32167,20937,1670,520
5954,63,1,33915,6683,0,32172,21133,1670,520
5955,63,1,33909,6683,0,32177,21401,1670,520
5956,63,1,33902,6683,0,32182,21717,1670,520
5957,63,1,33896,6685,0,32187,22006,1670,520
5958,63,1,33891,6690,0,32192,22226,1670,520
5959,63,1,33886,6694,0,32197,22394,1670,520
5960,63,1,33883,6699,0,32202,22566,1670,520
5961,63,1,33880,6703,0,32207,22698,1670,520
5962,63,1,33878,6707,0,32212,22806,1670,520
5963,63,1,33876,6710,0,32217,22866,1660,530
5964,63,1,33874,6713,0,32222,22874,1660,530
5965,63,1,33873,6716,0,32227,22874,1660,530
5966,63,1,33871,6718,0,32232,22802,1660,530
5967,63,1,33870,6719,0,32237,22646,1660,530
5968,63,1,33869,6721,0,32242,22466,1660,530
5969,63,1,33868,6721,0,32247,22282,1660,530
5970,63,1,33868,6721,0,32252,22102,1660,530
5971,63,1,33867,6721,0,32257,21966,1660,530
5972,63,1,33866,6721,0,32262,21846,1660,530
5973,63,1,33866,6721,0,32267,21725,1660,530
5974,63,1,33865,6721,0,32272,21589,1660,530
5975,63,1,33863,6721,0,32277,21457,1660,530
5976,63,1,33862,6721,0,32282,21365,1660,530
5977,63,1,33860,6721,0,32287,21361,1660,530
5978,63,1,33857,6721,0,32291,21361,1660,530
5979,63,1,33853,6721,0,32296,21313,1660,530
5980,63,1,33847,6721,0,32301,21265,1660,530
5981,63,1,33839,6717,0,32306,21205,1660,530
5982,63,1,33828,6710,0,32311,21193,1660,530
5983,63,1,33815,6702,0,32316,21193,1660,530
5984,63,1,33798,6689,0,32321,21193,1660,530
5985,63,1,33776,6671,0,32326,21361,1660,530
5986,63,1,33748,6650,0,32331,21569,1650,530
5987,63,1,33718,6627,0,32336,21886,1650,530
5988,63,1,33688,6604,0,32341,22142,1650,530
5989,63,1,33660,6582,0,32346,22274,1650,530
5990,63,1,33633,6560,0,32351,22278,1640,530
5991,63,1,33606,6537,0,32356,22282,1640,530
5992,63,1,33575,6512,0,32361,22338,1640,530
5993,63,1,33540,6485,0,32366,22462,1640,530
5994,63,1,33502,6456,0,32371,22630,1620,530
5995,63,1,33463,6427,0,32376,22690,1620,530
5996,63,1,33422,6398,0,32381,22762,1620,530
5997,63,1,33381,6369,0,32386,22774,1620,530
5998,63,1,33339,6340,0,32391,22786,1610,520
5999,63,1,33299,6314,0,32396,22822,1610,520
6000,63,1,33260,6290,0,32401,22822,1610,520
6001,63,1,33222,6268,0,32406,22702,1610,520
6002,63,1,33182,6249,0,32411,22410,1600,520
6003,63,1,33138,6232,0,32416,21693,1600,520
6004,63,1,33092,6216,0,32421,20625,1600,520
6005,63,1,33045,6205,0,32426,19389,1600,520
6006,63,1,33005,6198,0,32431,17329,1580,520
6007,63,1,32975,6197,0,32436,13481,1580,520
6008,63,1,32956,6198,0,32441,9236,1580,520
6009,63,1,32943,6219,0,32446,2656,1580,520
6010,63,1,32925,6275,0,32451,1,1580,520
6011,64,0,32925,6275,0,32456,0,1580,520
6012,64,0,32897,6385,0,32460,0,1570,520
6013,64,0,32887,6438,0,32465,0,1570,520
6014,64,0,32887,6464,20,32470,0,1580,510
6015,64,0,32891,6496,28,32475,0,1580,510
6016,64,0,32903,6525,28,32480,0,1580,510
6017,64,0,32918,6550,40,32485,0,1590,500
6018,64,0,32934,6571,40,32490,0,1590,500
6019,64,0,32952,6590,40,32495,0,1590,500
6020,64,0,32973,6609,40,32500,0,1590,500
6021,64,0,32996,6629,52,32505,0,1590,490
6022,64,0,33025,6657,52,32510,0,1590,490
6023,64,0,33063,6690,52,32515,0,1590,490
6024,64,0,33109,6729,52,32520,0,1590,490
6025,64,0,33163,6772,52,32525,0,1600,480
6026,64,0,33222,6813,52,32530,0,1600,480
6027,64,0,33283,6853,40,32535,0,1610,480
6028,64,0,33348,6892,40,32540,0,1610,480
6029,64,0,33424,6938,28,32545,0,1620,480
6030,64,0,33501,6984,28,32550,0,1620,480
6031,64,0,33577,7030,28,32555,0,1630,480
6032,64,0,33652,7073,20,32560,0,1630,480
6033,64,0,33715,7108,20,32565,0,1630,480
6034,64,0,33773,7140,8,32570,0,1630,480
6035,64,0,33826,7170,0,32575,0,1640,480
6036,64,0,33880,7202,0,32580,0,1640,480
6037,64,0,33927,7231,0,32585,0,1640,480
6038,64,0,33967,7257,0,32590,0,1640,480
6039,64,0,34001,7280,0,32595,0,1650,480
6040,64,0,34021,7296,0,32600,0,1650,480
6041,64,0,34036,7310,0,32605,0,1650,480
6042,64,0,34047,7323,0,32610,0,1650,480
6043,64,0,34054,7336,0,32615,0,1660,480
6044,64,0,34060,7348,0,32620,0,1660,480
6045,64,0,34066,7360,0,32625,0,1660,480
6046,64,0,34072,7372,0,32630,0,1660,480
6047,64,0,34080,7384,0,32634,0,1660,480
6048,64,0,34089,7396,0,32639,0,1660,480
6049,64,0,34099,7409,0,32644,0,1670,490
6050,64,0,34111,7422,0,32649,0,1670,490
6051,64,0,34125,7437,0,32654,0,1670,490
6052,64,0,34142,7458,0,32659,0,1670,490
6053,64,0,34155,7477,0,32664,0,1680,490
6054,64,0,34165,7492,0,32669,0,1680,500
6055,64,0,34169,7503,0,32674,0,1680,500
6056,64,0,34169,7503,0,32679,0,1680,500
6057,64,0,34169,7503,0,32684,0,1690,500
6058,65,1,34167,7503,0,32689,7312,1690,500
6059,65,1,34165,7503,0,32694,11693,1690,500
6060,65,1,34164,7503,0,32699,13609,1690,500
6061,65,1,34164,7503,0,32704,15181,1690,500
6062,65,1,34164,7503,0,32709,16321,1690,500
6063,65,1,34164,7503,0,32714,17145,1690,500
6064,65,1,34164,7503,0,32719,17705,1690,500
6065,65,1,34164,7503,0,32724,18125,1690,500
6066,65,1,34164,7503,0,32729,18509,1690,500
6067,65,1,34164,7503,0,32734,18889,1690,500
6068,65,1,34164,7503,0,32739,19321,1690,500
6069,65,1,34165,7503,0,32744,19761,1690,500
6070,65,1,34167,7502,0,32749,20165,1690,500
6071,65,1,34170,7502,0,32754,20569,1700,510
6072,65,1,34172,7502,0,32759,21041,1700,510
6073,65,1,34174,7502,0,32764,21445,1700,510
6074,65,1,34176,7502,0,32769,21713,1700,510
6075,65,1,34178,7500,0,32774,21833,1700,510
6076,65,1,34180,7498,0,32779,21846,1710,510
6077,65,1,34182,7498,0,32784,21846,1710,510
6078,65,1,34183,7498,0,32789,21797,1710,510
6079,65,1,34185,7498,0,32794,21713,1710,510
6080,65,1,34189,7498,0,32799,21625,1730,510
6081,65,1,34196,7495,0,32804,21493,1730,510
6082,65,1,34208,7488,0,32809,21093,1730,510
6083,65,1,34224,7477,0,32814,20969,1730,510
6084,65,1,34244,7464,0,32819,20581,1740,510
6085,65,1,34262,7450,0,32824,19357,1740,510
6086,65,1,34277,7439,0,32829,17665,1740,510
6087,65,1,34289,7431,0,32834,15873,1740,510
6088,65,1,34298,7426,0,32839,14537,1750,510
6089,65,1,34306,7424,0,32844,13557,1750,510
6090,65,1,34312,7424,0,32848,12985,1750,510
6091,65,1,34316,7424,0,32853,12985,1750,510
6092,65,1,34319,7424,0,32858,13049,1750,510
6093,65,1,34319,7424,0,32863,13265,1750,510
6094,65,1,34319,7424,0,32868,13685,1750,510
6095,65,1,34319,7424,0,32873,14409,1750,510
6096,65,1,34319,7424,0,32878,15241,1750,510
6097,65,1,34319,7424,0,32883,16073,1750,510
6098,65,1,34319,7424,0,32888,16821,1750,510
6099,65,1,34319,7424,0,32893,17529,1750,510
6100,65,1,34319,7424,0,32898,18161,1750,510
6101,65,1,34319,7424,0,32903,18717,1750,510
6102,65,1,34319,7424,0,32908,19257,1750,510
6103,65,1,34319,7424,0,32913,19845,1750,510
6104,65,1,34319,7424,0,32918,20481,1750,510
6105,65,1,34319,7424,0,32923,21017,1750,510
6106,65,1,34319,7424,0,32928,21553,1750,510
6107,65,1,34319,7424,0,32933,22102,1750,510
6108,65,1,34319,7424,0,32938,22682,1750,510
6109,65,1,34319,7426,0,32943,23334,1750,510
6110,65,1,34320,7427,0,32948,24026,1750,510
6111,65,1,34321,7428,0,32953,24554,1750,510
6112,65,1,34322,7428,0,32958,24934,1750,510
6113,65,1,34323,7429,0,32963,25186,1750,510
6114,65,1,34324,7429,0,32968,25342,1750,510
6115,65,1,34325,7429,0,32973,25426,1760,510
6116,65,1,34325,7429,0,32978,25426,1760,510
6117,65,1,34326,7429,0,32983,25418,1760,510
6118,65,1,34326,7429,0,32988,25298,1760,510
6119,65,1,34326,7429,0,32993,25178,1760,510
6120,65,1,34326,7429,0,32998,24926,1760,510
6121,65,1,34327,7429,0,33003,24258,1760,510
6122,65,1,34332,7429,0,33008,23398,1760,510
6123,65,1,34341,7434,0,33013,22482,1760,510
6124,65,1,34353,7439,0,33018,20829,1760,510
6125,65,1,34367,7446,0,33022,18537,1780,510
6126,65,1,34381,7454,0,33027,15989,1780,510
6127,65,1,34395,7464,0,33032,13981,1780,510
6128,65,1,34407,7475,0,33037,12249,1780,510
6129,65,1,34418,7489,0,33042,11065,1780,510
6130,65,1,34427,7502,0,33047,10044,1780,510
6131,65,1,34432,7516,0,33052,9672,1780,500
6132,65,1,34434,7527,0,33057,9672,1780,500
6133,65,1,34434,7535,0,33062,9852,1780,500
6134,65,1,34434,7540,0,33067,10264,1780,500
6135,65,1,34429,7542,0,33072,10264,1780,500
6136,65,1,34418,7542,0,33077,10148,1780,500
6137,65,1,34403,7542,0,33082,9244,1780,500
6138,65,1,34385,7542,0,33087,6592,1780,500
6139,65,1,34363,7535,0,33092,3620,1780,500
6140,65,1,34332,7518,0,33097,908,1780,500
6141,66,0,34332,7518,0,33102,0,1780,500
6142,66,0,34285,7489,0,33107,0,1780,500
6143,66,0,34268,7474,0,33112,0,1760,500
6144,66,0,34262,7465,8,33117,0,1760,500
6145,66,0,34255,7454,16,33122,0,1760,500
6146,66,0,34248,7441,28,33127,0,1760,500
6147,66,0,34241,7428,36,33132,0,1750,500
6148,66,0,34234,7415,36,33137,0,1750,500
6149,66,0,34227,7400,48,33142,0,1750,500
6150,66,0,34219,7386,56,33147,0,1750,500
6151,66,0,34209,7367,68,33152,0,1740,490
6152,66,0,34196,7343,76,33157,0,1740,490
6153,66,0,34179,7315,76,33162,0,1740,490
6154,66,0,34160,7281,88,33167,0,1740,490
6155,66,0,34138,7244,88,33172,0,1730,490
6156,66,0,34113,7206,96,33177,0,1730,490
6157,66,0,34090,7170,96,33182,0,1730,490
6158,66,0,34090,7170,104,33187,0,1730,490
6159,66,0,34037,7094,116,33191,0,1720,490
6160,66,0,34009,7054,116,33196,0,1720,490
6161,66,0,33978,7008,116,33201,0,1720,490
6162,66,0,33945,6962,124,33206,0,1720,490
6163,66,0,33912,6916,124,33211,0,1720,490
6164,66,0,33879,6871,124,33216,0,1710,490
6165,66,0,33847,6828,124,33221,0,1710,490
6166,66,0,33815,6786,124,33226,0,1710,490
6167,66,0,33785,6748,124,33231,0,1710,490
6168,66,0,33758,6713,136,33236,0,1710,490
6169,66,0,33733,6682,136,33241,0,1710,490
6170,66,0,33711,6656,124,33246,0,1710,490
6171,66,0,33692,6634,124,33251,0,1710,490
6172,66,0,33675,6617,124,33256,0,1710,490
6173,66,0,33660,6604,124,33261,0,1710,490
6174,66,0,33648,6602,116,33266,0,1710,490
6175,66,0,33644,6596,116,33271,0,1710,490
6176,66,0,33636,6595,104,33276,0,1710,490
6177,66,0,33630,6595,104,33281,0,1710,490
6178,66,0,33627,6602,96,33286,0,1710,490
6179,66,0,33626,6613,96,33291,0,1710,490
6180,66,0,33626,6627,88,33296,0,1710,490
6181,66,0,33626,6643,88,33301,0,1710,490
6182,66,0,33626,6660,76,33306,0,1710,490
6183,66,0,33626,6681,76,33311,0,1710,490
6184,66,0,33626,6702,68,33316,0,1710,490
6185,66,0,33627,6723,68,33321,0,1710,490
6186,66,0,33628,6744,56,33326,0,1710,490
6187,66,0,33628,6763,56,33331,0,1710,490
6188,66,0,33628,6781,56,33336,0,1710,490
6189,66,0,33628,6799,56,33341,0,1710,490
6190,66,0,33628,6815,48,33346,0,1710,490
6191,66,0,33628,6830,48,33351,0,1710,490
6192,66,0,33628,6844,48,33356,0,1710,490
6193,66,0,33628,6858,48,33361,0,1710,490
6194,66,0,33628,6871,36,33365,0,1710,490
6195,66,0,33627,6883,36,33370,0,1710,490
6196,66,0,33626,6896,36,33375,0,1710,490
6197,66,0,33625,6908,36,33380,0,1710,490
6198,66,0,33625,6920,36,33385,0,1710,490
6199,66,0,33624,6935,28,33390,0,1710,490
6200,66,0,33623,6949,28,33395,0,1710,490
6201,66,0,33622,6965,28,33400,0,1710,490
6202,66,0,33622,6983,16,33405,0,1710,490
6203,66,0,33621,7000,16,33410,0,1710,490
6204,66,0,33621,7019,8,33415,0,1710,490
6205,66,0,33621,7039,0,33420,0,1710,490
6206,66,0,33621,7063,0,33425,0,1710,490
6207,66,0,33621,7104,0,33430,0,1710,490
6208,66,0,33621,7143,0,33435,0,1710,490
6209,66,0,33621,7181,0,33440,0,1710,490
6210,66,0,33621,7211,0,33445,0,1710,490
6211,66,0,33621,7225,0,33450,0,1710,490
6212,66,0,33619,7239,0,33455,0,1710,490
6213,66,0,33615,7253,0,33460,0,1710,490
6214,66,0,33610,7267,0,33465,0,1710,490
6215,67,1,33605,7278,0,33465,136,1700,500
6216,67,1,33602,7287,0,33470,6752,1700,500
6217,67,1,33599,7294,0,33475,11397,1700,500
6218,67,1,33597,7300,0,33480,14005,1700,500
6219,67,1,33597,7302,0,33485,16385,1700,500
6220,67,1,33596,7304,0,33490,18309,1700,500
6221,67,1,33596,7304,0,33495,19809,1700,500
6222,67,1,33595,7304,0,33500,20993,1700,500
6223,67,1,33594,7305,0,33505,21978,1700,500
6224,67,1,33593,7306,0,33510,22742,1700,500
6225,67,1,33593,7306,0,33515,23382,1700,510
6226,67,1,33592,7306,0,33520,24002,1700,510
6227,67,1,33591,7306,0,33525,24554,1700,510
6228,67,1,33591,7306,0,33530,25090,1700,510
6229,67,1,33590,7306,0,33535,25474,1700,510
6230,67,1,33589,7306,0,33540,25786,1700,510
6231,67,1,33589,7306,0,33545,25982,1700,510
6232,67,1,33588,7304,0,33550,26114,1700,510
6233,67,1,33588,7302,0,33555,26114,1700,510
6234,67,1,33588,7300,0,33560,26114,1700,510
6235,67,1,33588,7299,0,33565,25970,1700,510
6236,67,1,33587,7296,0,33570,25738,1700,510
6237,67,1,33586,7288,0,33575,25450,1700,520
6238,67,1,33584,7274,0,33580,25138,1700,520
6239,67,1,33579,7248,0,33585,25138,1700,520
6240,67,1,33573,7213,0,33590,25198,1700,520
6241,67,1,33564,7170,0,33595,25498,1690,530
6242,67,1,33555,7123,0,33600,25506,1690,530
6243,67,1,33545,7074,0,33605,25710,1690,530
6244,67,1,33534,7026,0,33610,25714,1690,530
6245,67,1,33524,6979,0,33614,25790,1690,530
6246,67,1,33512,6933,0,33619,25794,1690,530
6247,67,1,33499,6889,0,33624,25790,1690,530
6248,67,1,33485,6845,0,33629,25794,1690,530
6249,67,1,33471,6802,0,33634,25794,1690,530
6250,67,1,33456,6759,0,33639,25794,1670,540
6251,67,1,33441,6718,0,33644,25794,1670,540
6252,67,1,33425,6679,0,33649,25542,1670,540
6253,67,1,33410,6643,0,33654,25206,1670,540
6254,67,1,33395,6611,0,33659,24298,1660,540
6255,67,1,33381,6583,0,33664,23078,1660,540
6256,67,1,33368,6561,0,33669,21149,1660,540
6257,67,1,33357,6543,0,33674,17233,1660,540
6258,67,1,33349,6533,0,33679,11773,1660,540
6259,67,1,33340,6532,0,33684,4064,1660,540
6260,68,0,33340,6532,0,33689,0,1660,540
6261,68,0,33329,6533,0,33694,0,1660,530
6262,68,0,33324,6539,0,33699,0,1660,530
6263,68,0,33319,6541,8,33704,0,1660,530
6264,68,0,33312,6543,16,33709,0,1660,530
6265,68,0,33304,6547,28,33714,0,1670,520
6266,68,0,33294,6550,48,33719,0,1670,520
6267,68,0,33283,6552,68,33724,0,1670,520
6268,68,0,33271,6552,88,33729,0,1670,510
6269,68,0,33258,6553,108,33734,0,1660,510
6270,68,0,33243,6553,128,33739,0,1660,510
6271,68,0,33228,6553,148,33744,0,1660,510
6272,68,0,33211,6553,168,33749,0,1670,500
6273,68,0,33192,6553,176,33754,0,1650,500
6274,68,0,33171,6551,176,33759,0,1650,500
6275,68,0,33147,6547,188,33764,0,1650,500
6276,68,0,33123,6542,188,33769,0,1660,490
6277,68,0,33096,6537,176,33774,0,1650,490
6278,68,0,33072,6532,176,33779,0,1650,490
6279,68,0,33051,6527,176,33783,0,1650,490
6280,68,0,33032,6521,168,33788,0,1650,490
6281,68,0,33021,6519,156,33793,0,1650,490
6282,68,0,33018,6519,148,33798,0,1650,490
6283,68,0,33013,6520,136,33803,0,1650,490
6284,68,0,33012,6531,128,33808,0,1650,490
6285,68,0,33012,6548,116,33813,0,1650,490
6286,68,0,33017,6568,108,33818,0,1660,490
6287,68,0,33026,6590,88,33823,0,1660,490
6288,68,0,33036,6615,76,33828,0,1660,490
6289,68,0,33048,6642,68,33833,0,1660,490
6290,68,0,33062,6670,56,33838,0,1660,490
6291,68,0,33077,6700,48,33843,0,1660,490
6292,68,0,33096,6735,28,33848,0,1670,490
6293,68,0,33117,6767,16,33853,0,1670,490
6294,68,0,33139,6800,8,33858,0,1670,490
6295,68,0,33165,6837,0,33863,0,1670,500
6296,68,0,33189,6871,0,33868,0,1680,500
6297,68,0,33225,6921,0,33873,0,1680,500
6298,68,0,33255,6966,0,33878,0,1680,500
6299,68,0,33276,7001,0,33883,0,1680,500
6300,68,0,33293,7028,0,33888,0,1690,500
6301,69,1,33294,7031,0,33889,3692,1690,510
6302,69,1,33295,7032,0,33892,12781,1690,510
6303,69,1,33295,7033,0,33897,17385,1690,510
6304,69,1,33295,7035,0,33902,19849,1700,520
6305,69,1,33295,7035,0,33907,21825,1700,520
6306,69,1,33295,7035,0,33912,23182,1700,520
6307,69,1,33295,7035,0,33916,24078,1700,520
6308,69,1,33295,7035,0,33921,24670,1700,520
6309,69,1,33295,7035,0,33926,25058,1700,520
6310,69,1,33295,7035,0,33931,25310,1690,530
6311,69,1,33293,7032,0,33936,25406,1690,530
6312,69,1,33291,7029,0,33941,25406,1690,530
6313,69,1,33288,7027,0,33946,25334,1690,530
6314,69,1,33286,7022,0,33951,25190,1690,530
6315,69,1,33283,7014,0,33956,24962,1690,530
6316,69,1,33279,6999,0,33961,24670,1690,530
6317,69,1,33273,6976,0,33966,24670,1690,530
6318,69,1,33264,6946,0,33971,24730,1690,530
6319,69,1,33251,6907,0,33976,24914,1690,530
6320,69,1,33232,6862,0,33981,25046,1690,530
6321,69,1,33207,6812,0,33986,25214,1690,530
6322,69,1,33175,6759,0,33991,25334,1690,540
6323,69,1,33137,6705,0,33996,25406,1690,540
6324,69,1,33093,6653,0,34001,25526,1670,540
6325,69,1,33047,6603,0,34006,25638,1670,540
6326,69,1,32998,6559,0,34011,25642,1670,540
6327,69,1,32950,6519,0,34016,25638,1670,540
6328,69,1,32902,6481,0,34021,25462,1660,540
6329,69,1,32854,6447,0,34026,25006,1660,540
6330,69,1,32807,6417,0,34031,24350,1660,540
6331,69,1,32758,6392,0,34036,23410,1660,540
6332,69,1,32710,6374,0,34041,22162,1640,540
6333,69,1,32661,6361,0,34046,20005,1640,540
6334,69,1,32614,6353,0,34051,16885,1640,540
6335,69,1,32572,6348,0,34056,11577,1640,540
6336,69,1,32528,6346,0,34061,3548,1630,540
